HeadWord,CollocateWord,R1,C1,O_11,MutualInfo,DeltaP1,DeltaP2
"('create', 'VB')","('sense', 'NN')",2028,4042,76,5.62512556352714,0.03697171064326493,0.0185546289377327
"('create', 'VB')","('impression', 'NN')",273,4042,30,5.2849538544642956,0.10938074743492192,0.007391202297801198
"('create', 'VB')","('intention', 'NN')",617,4042,37,5.204072745513808,0.05945908914396766,0.00908021231683905
"('create', 'VB')","('image', 'NN')",2026,4042,52,5.1311233272262005,0.025159655502649154,0.012614179859972714
"('create', 'VB')","('atmosphere', 'NN')",373,4042,29,5.105237899234245,0.07723849339267062,0.007130970949651173
"('create', 'VB')","('order', 'NN')",6589,4042,70,5.006227349841299,0.010119078119739264,0.016490112587580822
"('create', 'VB')","('environment', 'NN')",2492,4042,46,4.8814781944036545,0.01795159495398535,0.011069812520127786
"('create', 'VB')","('opportunity', 'NN')",1426,4042,36,4.80454071413208,0.024736766636254556,0.008729923423314755
"('create', 'VB')","('problem', 'NN')",5522,4042,52,4.6956663659472175,0.008909970792918883,0.012170116138352907
"('create', 'VB')","('job', 'NN')",1195,4042,25,4.406204858078021,0.020410445132515363,0.006036442899578659
"('create', 'VB')","('awareness', 'NN')",561,4042,19,4.3770506789483905,0.03335731500307207,0.004631798126604952
"('create', 'VB')","('mood', 'NN')",245,4042,14,4.338970760016246,0.05663146514984904,0.0034342901263702055
"('create', 'VB')","('feeling', 'NN')",812,4042,19,4.216457510963376,0.02288822081176302,0.004599915977255246
"('create', 'VB')","('identity', 'NN')",1295,4042,22,4.204751011395413,0.016477972623741823,0.005281152958196079
"('create', 'VB')","('effect', 'NN')",4812,4042,34,4.201863869805023,0.006556521137331566,0.0078047733651495175
"('create', 'VB')","('ambiguity', 'NN')",229,4042,12,4.167460993149051,0.051890101852645254,0.00294126386138305
"('create', 'VB')","('file', 'NN')",460,4042,15,4.155268682831534,0.032097416662452055,0.0036545100121889262
"('create', 'VB')","('model', 'NN')",4828,4042,32,4.121435410880471,0.006118600189645556,0.007307682443671563
"('create', 'VB')","('mesh', 'NN')",198,4042,11,4.117265602559209,0.055043785738472316,0.002697672200742234
"('create', 'VB')","('space', 'NN')",1194,4042,20,4.115838397544658,0.016239726992789832,0.0047989234370126085
"('create', 'VB')","('system', 'NN')",8354,4042,38,4.107209056267393,0.004039850319216485,0.008344983886289297
"('create', 'VB')","('uncertainty', 'NN')",532,4042,15,4.092114882218061,0.027684205058276137,0.0036453645350846284
"('create', 'VB')","('condition', 'NN')",2948,4042,25,4.014045284175164,0.007970155127915508,0.005813775936192069
"('create', 'VB')","('illusion', 'NN')",140,4042,9,4.006352229985802,0.06377369432188704,0.002209980797399252
"('create', 'VB')","('structure', 'NN')",3568,4042,26,3.982247935554433,0.006776911837077252,0.005982552513299113
"('create', 'VB')","('geometry', 'NN')",240,4042,10,3.9095414956344587,0.04115476716147746,0.002444808042481782
"('create', 'VB')","('attempt', 'NN')",988,4042,16,3.9073557407262114,0.015683145688778804,0.0038349724767070183
"('create', 'VB')","('gradient', 'NN')",536,4042,13,3.9024180045738053,0.02374219349214884,0.003149797859790723
"('create', 'VB')","('suspense', 'NN')",16,4042,4,3.8918127286740267,0.24948735331868266,0.000988084858219711
"('create', 'VB')","('picture', 'NN')",708,4042,14,3.8781035866910103,0.019262589243939896,0.003375479627768955
"('create', 'VB')","('value', 'NN')",7502,4042,30,3.845939441690348,0.003489103244316007,0.006472970992426604
"('create', 'VB')","('market', 'NN')",5510,4042,27,3.8426924309712414,0.004390099006023758,0.005983407969130018
"('create', 'VB')","('paradox', 'NN')",215,4042,9,3.8200418057484344,0.041348440277043826,0.0022004542587489417
"('create', 'VB')","('confusion', 'NN')",224,4042,9,3.8022322473298766,0.03966654600428099,0.0021993110741109043
"('create', 'VB')","('settlement', 'NN')",470,4042,11,3.7418329348850223,0.02289246782865211,0.002663122620570441
"('create', 'VB')","('world', 'NN')",5667,4042,25,3.7302195507206815,0.0039011584556413494,0.005468407154989479
"('create', 'VB')","('society', 'NN')",4450,4042,23,3.7265762344179123,0.004658017417224975,0.00512793252892263
"('create', 'VB')","('incentive', 'NN')",367,4042,10,3.7250866730939753,0.02673604864417263,0.002428676437033923
"('create', 'VB')","('link', 'NN')",878,4042,13,3.6880882783604725,0.014294818068186776,0.003106356843545307
"('create', 'VB')","('disjunction', 'NN')",11,4042,3,3.6797238163468275,0.27221449941586034,0.0007411906641801206
"('create', 'VB')","('panic', 'NN')",60,4042,5,3.6085114999704775,0.0828208107446334,0.0012300252521611395
"('create', 'VB')","('form', 'NN')",4450,4042,21,3.608050610566891,0.00420832516078091,0.004632873935690074
"('create', 'VB')","('character', 'NN')",1752,4042,15,3.574492412681047,0.008050280964040264,0.003490399506372911
"('create', 'VB')","('pressure', 'NN')",2178,4042,16,3.5640548098940825,0.006834925619569768,0.0036838180634554255
"('create', 'VB')","('meaning', 'NN')",1546,4042,14,3.538927354798473,0.00854415094997692,0.003269036435916153
"('create', 'VB')","('barrier', 'NN')",590,4042,10,3.518900725703921,0.01643723028954931,0.002400350862113667
"('create', 'VB')","('potential', 'NN')",819,4042,11,3.500646891060322,0.01291920326217956,0.002618792460717663
"('create', 'VB')","('spectacle', 'NN')",78,4042,5,3.4945681476636405,0.063590040342638,0.001227738882885065
"('create', 'VB')","('division', 'NN')",849,4042,11,3.4850231025767875,0.012444607198488411,0.0026149818452575386
"('create', 'VB')","('relationship', 'NN')",3138,4042,17,3.4844465622299685,0.0049062644774215325,0.003809407665347728
"('create', 'VB')","('tension', 'NN')",468,4042,9,3.4822344125899156,0.01871872794447277,0.0021683180683685606
"('create', 'VB')","('monopoly', 'NN')",332,4042,8,3.4778846146178592,0.02358422613642594,0.00193806356183818
"('create', 'VB')","('program', 'NN')",2197,4042,15,3.4761964575925983,0.006316100265447596,0.0034338753770477353
"('create', 'VB')","('difference', 'NN')",3212,4042,17,3.474323964874243,0.0047814488733776955,0.0038000081472127556
"('create', 'VB')","('ability', 'NN')",1943,4042,14,3.4396640437809967,0.006693850286545844,0.003218609291327176
"('create', 'VB')","('feel', 'NN')",47,4042,4,3.4238348533942347,0.08459373427981387,0.0009841472222442494
"('create', 'VB')","('bond', 'NN')",567,4042,9,3.398897206771133,0.015360968150625218,0.002155743037350151
"('create', 'VB')","('need', 'NN')",2627,4042,15,3.3985664417270383,0.0051985155916586005,0.003379256555452622
"('create', 'VB')","('habitat', 'NN')",420,4042,8,3.375773407923995,0.018535453919690765,0.0019268857564884822
"('create', 'VB')","('situation', 'NN')",2324,4042,14,3.361900720662486,0.005512569375823917,0.0031702144749835987
"('create', 'VB')","('culture', 'NN')",2869,4042,15,3.36029596626711,0.0047168671305290455,0.003348517590740953
"('create', 'VB')","('institution', 'NN')",1139,4042,11,3.3574070687416393,0.00914576341654508,0.0025781458958096717
"('create', 'VB')","('interest', 'NN')",2940,4042,15,3.3496791841009514,0.004590600790702458,0.0033394991341519926
"('create', 'VB')","('stage', 'NN')",2403,4042,14,3.347383073576879,0.005314518628241612,0.0031601798542719383
"('create', 'VB')","('precedent', 'NN')",112,4042,5,3.3374447276839394,0.04413033117060033,0.0012234201853635908
"('create', 'VB')","('sketch', 'NN')",59,4042,4,3.325080699687808,0.06728396068957429,0.0009826229760601995
"('create', 'VB')","('immediacy', 'NN')",25,4042,3,3.3231764928330145,0.11948722577719445,0.0007394123769653959
"('create', 'VB')","('universe', 'NN')",360,4042,7,3.268744356621548,0.018932156256883232,0.0016869776907924528
"('create', 'VB')","('embryo', 'NN')",235,4042,6,3.2531386262252595,0.025019507876891046,0.0014553259585933594
"('create', 'VB')","('list', 'NN')",1495,4042,11,3.2392896001602915,0.006846005430127315,0.002532926592349531
"('create', 'VB')","('unity', 'NN')",253,4042,6,3.221085967321178,0.023203006832048782,0.0014530395893172848
"('create', 'VB')","('story', 'NN')",1173,4042,10,3.2204547252305358,0.008013189041738885,0.0023262979016719196
"('create', 'VB')","('piece', 'NN')",606,4042,8,3.2165500741556095,0.012689142909044706,0.0019032599406357121
"('create', 'VB')","('loyalty', 'NN')",259,4042,6,3.210906724415744,0.02265361458797855,0.00145227746622526
"('create', 'VB')","('variable', 'NN')",1610,4042,11,3.2071049167888903,0.006320436560472935,0.0025183192330857215
"('create', 'VB')","('crisis', 'NN')",900,4042,9,3.1982377562247146,0.009487930627741437,0.0021134452057427725
"('create', 'VB')","('plane', 'NN')",272,4042,6,3.189637584462797,0.02154641410564892,0.0014506261995258728
"('create', 'VB')","('product', 'NN')",5179,4042,16,3.1878667742959452,0.002577941037203389,0.0033026294969276684
"('create', 'VB')","('network', 'NN')",963,4042,9,3.168853978539505,0.008833720924137901,0.0021054429132765116
"('create', 'VB')","('obligation', 'NN')",459,4042,7,3.1632341718515744,0.01473825003563884,0.0016744026597740429
"('create', 'VB')","('surplus', 'NN')",170,4042,5,3.1562138289758472,0.028899234959605526,0.0012160529954740175
"('create', 'VB')","('instability', 'NN')",172,4042,5,3.151134303446572,0.028557237565444024,0.0012157989544433424
"('create', 'VB')","('movement', 'NN')",1881,4042,11,3.139541997270361,0.005336074025450696,0.0024838966734292665
"('create', 'VB')","('conflict', 'NN')",1480,4042,10,3.1194910219511076,0.006244776650840873,0.0022873026034633155
"('create', 'VB')","('latch', 'NN')",12,4042,2,3.1136614782903838,0.16615376633462717,0.0004935343470485056
"('create', 'VB')","('demand', 'NN')",2039,4042,11,3.1045135670426,0.0048829119118845524,0.002463827432005946
"('create', 'VB')","('workforce', 'NN')",337,4042,6,3.0965765876256572,0.01729174065027473,0.0014423698660289371
"('create', 'VB')","('competition', 'NN')",1140,4042,9,3.0955754143275667,0.007382651865203051,0.002082960282061779
"('create', 'VB')","('context', 'NN')",1638,4042,10,3.0754388399216652,0.005593015727174476,0.0022672333620399948
"('create', 'VB')","('gap', 'NN')",568,4042,7,3.0706985216778167,0.011811641945589679,0.0016605574236022583
"('create', 'VB')","('difficulty', 'NN')",876,4042,8,3.056518592153815,0.008620225310022739,0.0018689644014945944
"('create', 'VB')","('law', 'NN')",4711,4042,14,3.0550237401425453,0.002460086085230487,0.00286701650487305
"('create', 'VB')","('benefit', 'NN')",1730,4042,10,3.0517066342172696,0.005268350461672246,0.0022555474746289474
"('create', 'VB')","('software', 'NN')",905,4042,8,3.0423741191166926,0.008327582338256782,0.0018652808065498078
"('create', 'VB')","('database', 'NN')",383,4042,6,3.041007714528373,0.015153379699638368,0.0014365269223234132
"('create', 'VB')","('replica', 'NN')",15,4042,2,3.016751465282327,0.1328204328059472,0.0004931532855024931
"('create', 'VB')","('harmony', 'NN')",123,4042,4,3.006027599890554,0.03200767155792025,0.0009744936630786014
"('create', 'VB')","('force', 'NN')",2580,4042,11,3.00231108685751,0.0037516412605957993,0.0023951093332083727
"('create', 'VB')","('aura', 'NN')",16,4042,2,2.988722741682084,0.12448709940749825,0.0004930262649871557
"('create', 'VB')","('snowstorm', 'NN')",2,4042,1,2.988722741682084,0.4994869733637485,0.0002472752555856027
"('create', 'VB')","('team', 'NN')",1476,4042,9,2.9833939081770167,0.005585454150608581,0.002040281388908388
"('create', 'VB')","('policy', 'NN')",3605,4042,12,2.9703912064334914,0.002816845860560382,0.00251244260160374
"('create', 'VB')","('wealth', 'NN')",464,4042,6,2.957688507942115,0.012418612568062903,0.001426238260581078
"('create', 'VB')","('reality', 'NN')",1115,4042,8,2.9517478309377165,0.006662677567694506,0.0018386064983289385
"('create', 'VB')","('hysteria', 'NN')",62,4042,3,2.928724812006798,0.0478743201426904,0.0007347126178979095
"('create', 'VB')","('group', 'NN')",6337,4042,14,2.9262531372555394,0.001697459449776731,0.002660481146934319
"('create', 'VB')","('pessimism', 'NN')",19,4042,2,2.9140891233851796,0.10475025710688822,0.0004926452034411433
"('create', 'VB')","('myth', 'NN')",515,4042,6,2.912399259455805,0.011138060204191079,0.0014197602142988668
"('create', 'VB')","('logo', 'NN')",65,4042,3,2.9082031448621968,0.04564106932704221,0.000734331556351897
"('create', 'VB')","('friction', 'NN')",305,4042,5,2.9023629110073355,0.015880904092101827,0.0011989052259034586
"('create', 'VB')","('artwork', 'NN')",20,4042,2,2.891812728674027,0.09948709914703573,0.0004925181829258057
"('create', 'VB')","('skirt', 'NN')",20,4042,2,2.891812728674027,0.09948709914703573,0.0004925181829258057
"('create', 'VB')","('challenge', 'NN')",554,4042,6,2.8806967237685663,0.010317897139717156,0.0014148064142007054
"('create', 'VB')","('something', 'NN')",1341,4042,8,2.8715939204702967,0.0054534722173901614,0.0018098998618626696
"('create', 'VB')","('clientele', 'NN')",21,4042,2,2.8706234296040893,0.09472519432001529,0.0004923911624104683
"('create', 'VB')","('perception', 'NN')",919,4042,7,2.861731346002724,0.007104650424908648,0.0016159732227188054
"('create', 'VB')","('hardship', 'NN')",73,4042,3,2.8577936413845966,0.040583113063352105,0.0007333153922291973
"('create', 'VB')","('advantage', 'NN')",1386,4042,8,2.8572594680461076,0.005259777821679439,0.001804183938672483
"('create', 'VB')","('credibility', 'NN')",181,4042,4,2.8382541364607676,0.021586790093514958,0.0009671264731890279
"('create', 'VB')","('pattern', 'NN')",1464,4042,8,2.833481621599523,0.00495224785070216,0.0017942763384761603
"('create', 'VB')","('volcano', 'NN')",23,4042,2,2.831114888320416,0.0864436206908191,0.0004921371213797934
"('create', 'VB')","('distrust', 'NN')",23,4042,2,2.831114888320416,0.0864436206908191,0.0004921371213797934
"('create', 'VB')","('framework', 'NN')",988,4042,7,2.830289912801207,0.006572691206543047,0.0016072088071605196
"('create', 'VB')","('idea', 'NN')",3868,4042,11,2.826444327409776,0.00233183856819137,0.002231506909453707
"('create', 'VB')","('turbulence', 'NN')",79,4042,3,2.8234894102146106,0.03746190580609416,0.0007325532691371723
"('create', 'VB')","('organization', 'NN')",2928,4042,10,2.823181664959711,0.0029032262875523848,0.0021033768972546544
"('create', 'VB')","('pace', 'NN')",188,4042,4,2.821774862066272,0.02076393786878062,0.0009662373295816656
"('create', 'VB')","('tone', 'NN')",368,4042,5,2.8208149316806037,0.013074413891320073,0.0011909029334371977
"('create', 'VB')","('spectrum', 'NN')",370,4042,5,2.8184610262871264,0.013000970752948303,0.001190648892406523
"('create', 'VB')","('crescendo', 'NN')",3,4042,1,2.812631482626403,0.3328203066319503,0.0002471482350702652
"('create', 'VB')","('kind', 'NN')",1029,4042,7,2.812631482626403,0.0062903893849559495,0.0016020009660316832
"('create', 'VB')","('circle', 'NN')",385,4042,5,2.8012020208456208,0.012474469250349503,0.0011887435846764608
"('create', 'VB')","('representation', 'NN')",687,4042,6,2.7872497514374452,0.008221188030990256,0.0013979126856608214
"('create', 'VB')","('array', 'NN')",399,4042,5,2.785689854667373,0.012018783673110113,0.0011869652974617361
"('create', 'VB')","('economy', 'NN')",2330,4042,9,2.7851243446380205,0.0033504985802281033,0.0019318058688101857
"('create', 'VB')","('concept', 'NN')",2354,4042,9,2.780673807156624,0.003311115599247833,0.0019287573764420864
"('create', 'VB')","('matrix', 'NN')",706,4042,6,2.775401787445192,0.007986145910061873,0.0013954992958694094
"('create', 'VB')","('body', 'NN')",2454,4042,9,2.762605707273054,0.003155311233404805,0.001916055324908339
"('create', 'VB')","('park', 'NN')",217,4042,4,2.7594729774814226,0.017920519960095166,0.0009625537346368788
"('create', 'VB')","('base', 'NN')",773,4042,6,2.736026994578671,0.007249524346242871,0.0013869889213417987
"('create', 'VB')","('level', 'NN')",6185,4042,12,2.7359567715238,0.0014281457951590554,0.0021847296720330592
"('create', 'VB')","('change', 'NN')",4815,4042,11,2.7313345013601866,0.0017724575423048348,0.0021112184814291203
"('create', 'VB')","('noise', 'NN')",462,4042,5,2.7220207747979956,0.010309962075151013,0.0011789630049954753
"('create', 'VB')","('directory', 'NN')",102,4042,3,2.7125163297431345,0.028898985470356336,0.0007296317972844105
"('create', 'VB')","('bowl', 'NN')",31,4042,2,2.701481030503736,0.06400322746302048,0.0004911209572570936
"('create', 'VB')","('one', 'NN')",2045,4042,8,2.6883293859785353,0.0033997096238258737,0.0017204774190650884
"('create', 'VB')","('theory', 'NN')",5375,4042,11,2.6835523242330974,0.0015344052215714417,0.002040086992840135
"('create', 'VB')","('bias', 'NN')",513,4042,5,2.676545385242305,0.00923403662777048,0.0011724849587132643
"('create', 'VB')","('sympathy', 'NN')",111,4042,3,2.675793522718395,0.02651424720559222,0.0007284886126463732
"('create', 'VB')","('harm', 'NN')",268,4042,4,2.6677979173011632,0.014412710051478804,0.0009560756883546677
"('create', 'VB')","('profile', 'NN')",531,4042,5,2.6615682292726524,0.008903642619326283,0.0011701985894371897
"('create', 'VB')","('pool', 'NN')",115,4042,3,2.6604186611514407,0.025574176439899985,0.0007279805305850233
"('create', 'VB')","('design', 'NN')",2208,4042,8,2.6550236292647345,0.0031109069857641804,0.0016997730750650801
"('create', 'VB')","('type', 'NN')",3188,4042,9,2.6489619529399646,0.002310868399431888,0.0018228222666506336
"('create', 'VB')","('climate', 'NN')",564,4042,5,2.635383646370779,0.008352692841893916,0.001166006912431053
"('create', 'VB')","('area', 'NN')",4514,4042,10,2.6351911826043217,0.0017031526594187647,0.0019019223599294219
"('create', 'VB')","('lattice', 'NN')",123,4042,3,2.6312113900656544,0.023877463299790416,0.0007269643664623236
"('create', 'VB')","('style', 'NN')",988,4042,6,2.6294495439093675,0.005560418486294629,0.001359679510544242
"('create', 'VB')","('plan', 'NN')",991,4042,6,2.6281328340117205,0.0055420342108893845,0.0013592984489982295
"('create', 'VB')","('suspicion', 'NN')",126,4042,3,2.6207459563874895,0.023296743011571378,0.0007265833049163111
"('create', 'VB')","('evidence', 'NN')",3405,4042,9,2.6203631494152355,0.0021309395135855986,0.001795258814822402
"('create', 'VB')","('possibility', 'NN')",1039,4042,6,2.6075909409398186,0.005262324119540355,0.0013532014642620308
"('create', 'VB')","('hostility', 'NN')",130,4042,3,2.6071731491982155,0.022564142018565318,0.0007260752228549612
"('create', 'VB')","('fear', 'NN')",608,4042,5,2.6027591710813867,0.007711125962096684,0.0011604180097562042
"('create', 'VB')","('discourse', 'NN')",609,4042,5,2.602045457721246,0.007697622310467061,0.0011602909892408668
"('create', 'VB')","('object', 'NN')",1687,4042,7,2.59793177479971,0.0036370030822596116,0.001518421466939626
"('create', 'VB')","('current', 'NN')",317,4042,4,2.5948734491122005,0.012105630257810206,0.0009498516831031315
"('create', 'VB')","('foray', 'NN')",5,4042,1,2.590782733010046,0.19948697316835393,0.0002468941940395903
"('create', 'VB')","('stillness', 'NN')",5,4042,1,2.590782733010046,0.19948697316835393,0.0002468941940395903
"('create', 'VB')","('document', 'NN')",320,4042,4,2.590782733010046,0.011987333532576666,0.000949470621557119
"('create', 'VB')","('slice', 'NN')",40,4042,2,2.590782733010046,0.04948709784471913,0.0004899777726190564
"('create', 'VB')","('strategy', 'NN')",2565,4042,8,2.5899353288740605,0.002606603736311478,0.0016544267510896023
"('create', 'VB')","('state', 'NN')",6695,4042,11,2.588180211472712,0.0011308248783318355,0.0018724199125946706
"('create', 'VB')","('prosperity', 'NN')",136,4042,3,2.5875775931348346,0.021546042080445516,0.0007253130997629364
"('create', 'VB')","('peace', 'NN')",325,4042,4,2.5840493503510777,0.011795025514826831,0.0009488355189804317
"('create', 'VB')","('chronology', 'NN')",41,4042,2,2.580058867618273,0.048267585584481174,0.0004898507521037188
"('create', 'VB')","('combination', 'NN')",657,4042,5,2.5690973807943407,0.007097788638879707,0.001154194004504668
"('create', 'VB')","('lifestyle', 'NN')",338,4042,4,2.5670160110522975,0.01132165188761024,0.0009471842522810446
"('create', 'VB')","('solidarity', 'NN')",145,4042,3,2.5597484992700776,0.020176873137533698,0.0007241699151248991
"('create', 'VB')","('view', 'NN')",2791,4042,8,2.5532628618332645,0.002354036794789498,0.0016257201146233334
"('create', 'VB')","('function', 'NN')",2882,4042,8,2.5393287218439253,0.002263524833174134,0.0016141612477276234
"('create', 'VB')","('vortex', 'NN')",157,4042,3,2.525216849095819,0.018595497438676424,0.0007226456689408495
"('create', 'VB')","('underclass', 'NN')",6,4042,1,2.5116014869624217,0.16615363976988903,0.0002467671735242528
"('create', 'VB')","('predilection', 'NN')",6,4042,1,2.5116014869624217,0.16615363976988903,0.0002467671735242528
"('create', 'VB')","('desire', 'NN')",761,4042,5,2.5052780935835486,0.006057734028494574,0.0011409838709095707
"('create', 'VB')","('edge', 'NN')",391,4042,4,2.5037559539340855,0.009717507939392522,0.0009404521649681585
"('create', 'VB')","('compatibility', 'NN')",50,4042,2,2.4938727200019897,0.03948709719355835,0.0004887075674656815
"('create', 'VB')","('degree', 'NN')",1354,4042,6,2.4925878241478703,0.003918834800009201,0.001313190001930727
"('create', 'VB')","('imperative', 'NN')",51,4042,2,2.485272548240072,0.03870278340295198,0.0004885805469503441
"('create', 'VB')","('stereotype', 'NN')",178,4042,3,2.4706964991961584,0.016341148401027333,0.0007199782381187626
"('create', 'VB')","('complication', 'NN')",184,4042,3,2.4562986784955156,0.015791563252231376,0.0007192161150267377
"('create', 'VB')","('community', 'NN')",2344,4042,7,2.455089250042782,0.0024739308620628907,0.001434968988362906
"('create', 'VB')","('publicity', 'NN')",56,4042,2,2.444654697331808,0.0352013825171468,0.00048794544437365673
"('create', 'VB')","('eutrophication', 'NN')",7,4042,1,2.444654697331808,0.14234411589523369,0.00024664015300891534
"('create', 'VB')","('disequilibrium', 'NN')",7,4042,1,2.444654697331808,0.14234411589523369,0.00024664015300891534
"('create', 'VB')","('amount', 'NN')",2422,4042,7,2.4408727185818018,0.0023777510738197264,0.0014250613881665831
"('create', 'VB')","('brand', 'NN')",891,4042,5,2.4367850463172465,0.005099095612448909,0.0011244712039156994
"('create', 'VB')","('language', 'NN')",3699,4042,8,2.4309383670065015,0.0016503682527452823,0.0015103854866969078
"('create', 'VB')","('emulsion', 'NN')",58,4042,2,2.4294147307750715,0.03396985529331819,0.0004876914033429818
"('create', 'VB')","('biography', 'NN')",59,4042,2,2.421990712695864,0.033385401692257996,0.0004875643828276443
"('create', 'VB')","('inversion', 'NN')",59,4042,2,2.421990712695864,0.033385401692257996,0.0004875643828276443
"('create', 'VB')","('verdict', 'NN')",60,4042,2,2.414691473954365,0.032820429875729244,0.00048743736231230685
"('create', 'VB')","('number', 'NN')",5480,4042,9,2.4136997071796706,0.001129968441356844,0.0015316912454971451
"('create', 'VB')","('generator', 'NN')",205,4042,3,2.409362640449298,0.014121360400456778,0.0007165486842046507
"('create', 'VB')","('fiction', 'NN')",210,4042,3,2.398897206771133,0.013772928019194417,0.0007159135816279634
"('create', 'VB')","('cult', 'NN')",210,4042,3,2.398897206771133,0.013772928019194417,0.0007159135816279634
"('create', 'VB')","('version', 'NN')",505,4042,4,2.392641333211291,0.007408113570150156,0.0009259718262196866
"('create', 'VB')","('anything', 'NN')",509,4042,4,2.3892149289931934,0.007345867399535066,0.0009254637441583367
"('create', 'VB')","('work', 'NN')",4080,4042,8,2.388362535232016,0.0014483810815966642,0.0014619906703533304
"('create', 'VB')","('conduit', 'NN')",8,4042,1,2.3866627503541213,0.12448697297295924,0.00024651313249357787
"('create', 'VB')","('dearth', 'NN')",8,4042,1,2.3866627503541213,0.12448697297295924,0.00024651313249357787
"('create', 'VB')","('tapestry', 'NN')",8,4042,1,2.3866627503541213,0.12448697297295924,0.00024651313249357787
"('create', 'VB')","('undercurrent', 'NN')",8,4042,1,2.3866627503541213,0.12448697297295924,0.00024651313249357787
"('create', 'VB')","('rattle', 'NN')",8,4042,1,2.3866627503541213,0.12448697297295924,0.00024651313249357787
"('create', 'VB')","('roar', 'NN')",8,4042,1,2.3866627503541213,0.12448697297295924,0.00024651313249357787
"('create', 'VB')","('calm', 'NN')",8,4042,1,2.3866627503541213,0.12448697297295924,0.00024651313249357787
"('create', 'VB')","('attitude', 'NN')",1004,4042,5,2.384929037545121,0.004467495661046814,0.001110117885682565
"('create', 'VB')","('distance', 'NN')",1007,4042,5,2.3836332798005033,0.004452659081442674,0.0011097368241365525
"('create', 'VB')","('scene', 'NN')",520,4042,4,2.3799293676951527,0.007179628206876398,0.0009240665184896245
"('create', 'VB')","('spreadsheet', 'NN')",65,4042,2,2.3799293676951527,0.03025632698604485,0.0004868022597356195
"('create', 'VB')","('field', 'NN')",1758,4042,6,2.379187617759243,0.0029004631690124757,0.0012618737137343877
"('create', 'VB')","('entity', 'NN')",546,4042,4,2.358740068625215,0.006813326148186437,0.0009207639850908502
"('create', 'VB')","('bottle', 'NN')",232,4042,3,2.3556285166141526,0.012418246783975625,0.000713119130290539
"('create', 'VB')","('threat', 'NN')",1077,4042,5,2.35444704705614,0.004129936762517598,0.0011008453880629293
"('create', 'VB')","('diagram', 'NN')",552,4042,4,2.353993633600753,0.006733695243220282,0.0009200018619988253
"('create', 'VB')","('seal', 'NN')",69,4042,2,2.353993633600753,0.028472603202725124,0.00048629417767426963
"('create', 'VB')","('plot', 'NN')",560,4042,4,2.3477446843237515,0.00663017505374492,0.0009189856978761256
"('create', 'VB')","('window', 'NN')",241,4042,3,2.339099458930184,0.01193534449537186,0.0007119759456525017
"('create', 'VB')","('rule', 'NN')",1937,4042,6,2.337076867777885,0.0025850558035395467,0.00123913704148898
"('create', 'VB')","('tableau', 'NN')",9,4042,1,2.3355102279067403,0.11059808401893877,0.00024638611197824034
"('create', 'VB')","('malice', 'NN')",9,4042,1,2.3355102279067403,0.11059808401893877,0.00024638611197824034
"('create', 'VB')","('mirage', 'NN')",9,4042,1,2.3355102279067403,0.11059808401893877,0.00024638611197824034
"('create', 'VB')","('disaffection', 'NN')",9,4042,1,2.3355102279067403,0.11059808401893877,0.00024638611197824034
"('create', 'VB')","('range', 'NN')",1950,4042,6,2.334171877134478,0.0025644044670117085,0.0012374857747895927
"('create', 'VB')","('citizen', 'NN')",587,4042,4,2.3272946100823377,0.006301626204495527,0.0009155561439620137
"('create', 'VB')","('code', 'NN')",1188,4042,5,2.3118463097089466,0.0036961582128691977,0.0010867461108604697
"('create', 'VB')","('notice', 'NN')",260,4042,3,2.3061431535342343,0.011025672016786628,0.0007095625558610897
"('create', 'VB')","('basis', 'NN')",1204,4042,5,2.3060362634323157,0.003640226882992853,0.0010847137826150701
"('create', 'VB')","('center', 'NN')",1204,4042,5,2.3060362634323157,0.003640226882992853,0.0010847137826150701
"('create', 'VB')","('journalism', 'NN')",10,4042,1,2.2897527373460647,0.09948697284269606,0.00024625909146290287
"('create', 'VB')","('dissection', 'NN')",10,4042,1,2.2897527373460647,0.09948697284269606,0.00024625909146290287
"('create', 'VB')","('havoc', 'NN')",10,4042,1,2.2897527373460647,0.09948697284269606,0.00024625909146290287
"('create', 'VB')","('paternity', 'NN')",10,4042,1,2.2897527373460647,0.09948697284269606,0.00024625909146290287
"('create', 'VB')","('bulge', 'NN')",10,4042,1,2.2897527373460647,0.09948697284269606,0.00024625909146290287
"('create', 'VB')","('integration', 'NN')",643,4042,4,2.2877217384057302,0.005708152321540287,0.0009084429951031152
"('create', 'VB')","('irony', 'NN')",85,4042,2,2.263423798623716,0.023016506679188482,0.00048426184942887
"('create', 'VB')","('chaos', 'NN')",86,4042,2,2.2583442730944405,0.022742908802854223,0.00048413482891353254
"('create', 'VB')","('connection', 'NN')",695,4042,4,2.253947906739838,0.005242704806722636,0.0009018379283055667
"('create', 'VB')","('filter', 'NN')",294,4042,3,2.252769171092895,0.009691289897449114,0.0007052438583396157
"('create', 'VB')","('citizenry', 'NN')",11,4042,1,2.2483600521878397,0.09039606368665533,0.0002461320709475654
"('create', 'VB')","('interconnectedness', 'NN')",11,4042,1,2.2483600521878397,0.09039606368665533,0.0002461320709475654
"('create', 'VB')","('exception', 'NN')",301,4042,3,2.242550005911209,0.00945398521770499,0.0007043547147322533
"('create', 'VB')","('legitimacy', 'NN')",301,4042,3,2.242550005911209,0.00945398521770499,0.0007043547147322533
"('create', 'VB')","('script', 'NN')",90,4042,2,2.2386002148986837,0.02170931681112092,0.00048362674685218266
"('create', 'VB')","('site', 'NN')",2434,4042,6,2.2378859146029497,0.0019525279487452442,0.001176007845366256
"('create', 'VB')","('cycle', 'NN')",726,4042,4,2.2349960906298585,0.004996948978607552,0.000897900292330105
"('create', 'VB')","('cost', 'NN')",3900,4042,7,2.2339822503623363,0.0012823532597374108,0.0012373250664977978
"('create', 'VB')","('bridge', 'NN')",310,4042,3,2.2297548076707794,0.00916462657796743,0.000703211530094216
"('create', 'VB')","('boundary', 'NN')",736,4042,4,2.2290548969924533,0.004922089063073164,0.0008966300871767303
"('create', 'VB')","('ambition', 'NN')",93,4042,2,2.2243597757840736,0.02099247073763418,0.00048324568530617025
"('create', 'VB')","('chain', 'NN')",744,4042,4,2.2243597757840736,0.004863650019636385,0.0008956139230540304
"('create', 'VB')","('shift', 'NN')",759,4042,4,2.215690935434472,0.004757397183796058,0.0008937086153239683
"('create', 'VB')","('documentary', 'NN')",12,4042,1,2.2105714912984404,0.08282030604576611,0.00024600505043222793
"('create', 'VB')","('outrage', 'NN')",12,4042,1,2.2105714912984404,0.08282030604576611,0.00024600505043222793
"('create', 'VB')","('inauguration', 'NN')",12,4042,1,2.2105714912984404,0.08282030604576611,0.00024600505043222793
"('create', 'VB')","('uproar', 'NN')",12,4042,1,2.2105714912984404,0.08282030604576611,0.00024600505043222793
"('create', 'VB')","('incoherence', 'NN')",12,4042,1,2.2105714912984404,0.08282030604576611,0.00024600505043222793
"('create', 'VB')","('copying', 'NN')",12,4042,1,2.2105714912984404,0.08282030604576611,0.00024600505043222793
"('create', 'VB')","('embedding', 'NN')",12,4042,1,2.2105714912984404,0.08282030604576611,0.00024600505043222793
"('create', 'VB')","('heroine', 'NN')",99,4042,2,2.1972075297404587,0.019689114204866832,0.00048248356221414543
"('create', 'VB')","('unrest', 'NN')",100,4042,2,2.1928427243380084,0.019487093937729648,0.0004823565416988079
"('create', 'VB')","('symbol', 'NN')",345,4042,3,2.1832974064317785,0.008182857118379714,0.0006987658120574046
"('create', 'VB')","('stream', 'NN')",350,4042,3,2.177048457154777,0.008058633190370439,0.0006981307094807172
"('create', 'VB')","('ending', 'NN')",104,4042,2,2.1758093850392286,0.018717862908030798,0.00048184845963745803
"('create', 'VB')","('likeness', 'NN')",13,4042,1,2.1758093850392286,0.07641004957037804,0.00024587802991689046
"('create', 'VB')","('pretense', 'NN')",13,4042,1,2.1758093850392286,0.07641004957037804,0.00024587802991689046
"('create', 'VB')","('blurring', 'NN')",13,4042,1,2.1758093850392286,0.07641004957037804,0.00024587802991689046
"('create', 'VB')","('serial', 'NN')",13,4042,1,2.1758093850392286,0.07641004957037804,0.00024587802991689046
"('create', 'VB')","('loss', 'NN')",1676,4042,5,2.1623887360598637,0.0024706657959657425,0.0010247600993757828
"('create', 'VB')","('seller', 'NN')",110,4042,2,2.1514500391797835,0.01766891146837713,0.0004810863365454332
"('create', 'VB')","('transparency', 'NN')",110,4042,2,2.1514500391797835,0.01766891146837713,0.0004810863365454332
"('create', 'VB')","('complexity', 'NN')",374,4042,3,2.148244899304572,0.00750859343074861,0.0006950822171126178
"('create', 'VB')","('effort', 'NN')",888,4042,4,2.1475197455513513,0.003991801064211093,0.0008773229688454343
"('create', 'VB')","('poem', 'NN')",888,4042,4,2.1475197455513513,0.003991801064211093,0.0008773229688454343
"('create', 'VB')","('ammunition', 'NN')",14,4042,1,2.143624701667827,0.07091554401074088,0.000245751009401553
"('create', 'VB')","('intrigue', 'NN')",14,4042,1,2.143624701667827,0.07091554401074088,0.000245751009401553
"('create', 'VB')","('ground', 'NN')",922,4042,4,2.131201790276323,0.003825689140298912,0.0008730042713239602
"('create', 'VB')","('landscape', 'NN')",391,4042,3,2.1289397441091853,0.0071598362207226365,0.0006929228683518807
"('create', 'VB')","('cohesion', 'NN')",116,4042,2,2.1283847351110903,0.016728472206200565,0.00048032421345340834
"('create', 'VB')","('coherence', 'NN')",116,4042,2,2.1283847351110903,0.016728472206200565,0.00048032421345340834
"('create', 'VB')","('rhythm', 'NN')",117,4042,2,2.124656862591847,0.01658110992475557,0.00048019719293807087
"('create', 'VB')","('imbalance', 'NN')",118,4042,2,2.120960717031883,0.01643624530799408,0.0004800701724227334
"('create', 'VB')","('identifier', 'NN')",15,4042,1,2.1136614782903838,0.06615363918370443,0.0002456239888862155
"('create', 'VB')","('reflection', 'NN')",406,4042,3,2.112590467927858,0.00687636353461219,0.0006910175606218186
"('create', 'VB')","('impact', 'NN')",1885,4042,5,2.11135139581231,0.002139878528629977,0.000998212811670251
"('create', 'VB')","('print', 'NN')",121,4042,2,2.1100573540215586,0.01601601819010398,0.000479689110876721
"('create', 'VB')","('table', 'NN')",1910,4042,5,2.105629383106394,0.0021051580543926607,0.0009950372987868141
"('create', 'VB')","('customer', 'NN')",3317,4042,6,2.1034610169775134,0.0012962558368774736,0.001063848730323267
"('create', 'VB')","('power', 'NN')",5277,4042,7,2.102659763211712,0.0008139030829395305,0.0010624178168780972
"('create', 'VB')","('notion', 'NN')",992,4042,4,2.0994210391757737,0.0035195478539646594,0.0008641128352503371
"('create', 'VB')","('game', 'NN')",424,4042,3,2.0937506449123195,0.006562671499239667,0.0006887311913457441
"('create', 'VB')","('sentiment', 'NN')",128,4042,2,2.08563275469014,0.015112092114447523,0.0004787999672693587
"('create', 'VB')","('fetishism', 'NN')",16,4042,1,2.08563275469014,0.06198697245190605,0.00024549696837087806
"('create', 'VB')","('amnesty', 'NN')",129,4042,2,2.0822530140387596,0.014990968018322313,0.0004786729467540212
"('create', 'VB')","('ideal', 'NN')",436,4042,3,2.081630012236466,0.006367932964804694,0.0006872069451616945
"('create', 'VB')","('collaboration', 'NN')",130,4042,2,2.078899372031172,0.014871707368827975,0.0004785459262386837
"('create', 'VB')","('forum', 'NN')",130,4042,2,2.078899372031172,0.014871707368827975,0.0004785459262386837
"('create', 'VB')","('controversy', 'NN')",132,4042,2,2.0722687931321584,0.014638607005492741,0.0004782918852080088
"('create', 'VB')","('elite', 'NN')",448,4042,3,2.0698384875069085,0.006183626810000862,0.0006856826989776448
"('create', 'VB')","('packet', 'NN')",133,4042,2,2.068991083370923,0.01452468577382247,0.0004781648646926713
"('create', 'VB')","('countryside', 'NN')",135,4042,2,2.0625089558430023,0.014301906473439782,0.00047791082366199637
"('create', 'VB')","('stipulation', 'NN')",17,4042,1,2.059303815967791,0.05831050179853903,0.0002453699478555406
"('create', 'VB')","('sickle', 'NN')",17,4042,1,2.059303815967791,0.05831050179853903,0.0002453699478555406
"('create', 'VB')","('solution', 'NN')",2145,4042,5,2.0552354538333786,0.0018183440396592717,0.0009651874776825079
"('create', 'VB')","('compromise', 'NN')",139,4042,2,2.0498279240839135,0.013875580606787664,0.0004774027416006465
"('create', 'VB')","('risk', 'NN')",2211,4042,5,2.042074007775408,0.001748757583728256,0.0009568041236702348
"('create', 'VB')","('setting', 'NN')",484,4042,3,2.0362711398606397,0.0056855430021612,0.0006811099604254957
"('create', 'VB')","('discord', 'NN')",18,4042,1,2.034480232242759,0.055042527877198134,0.0002452429273402031
"('create', 'VB')","('pellet', 'NN')",18,4042,1,2.034480232242759,0.055042527877198134,0.0002452429273402031
"('create', 'VB')","('finality', 'NN')",18,4042,1,2.034480232242759,0.055042527877198134,0.0002452429273402031
"('create', 'VB')","('duplicate', 'NN')",18,4042,1,2.034480232242759,0.055042527877198134,0.0002452429273402031
"('create', 'VB')","('spin', 'NN')",147,4042,2,2.0255253895898324,0.013092533054083732,0.0004763865774779467
"('create', 'VB')","('vacuum', 'NN')",147,4042,2,2.0255253895898324,0.013092533054083732,0.0004763865774779467
"('create', 'VB')","('strand', 'NN')",148,4042,2,2.022581008943051,0.013000604325608725,0.0004762595569626092
"('create', 'VB')","('domain', 'NN')",502,4042,3,2.0204127843600332,0.005463290340320476,0.0006788235911494212
"('create', 'VB')","('stability', 'NN')",503,4042,3,2.0195485164491247,0.005451409369412694,0.0006786965706340837
"('create', 'VB')","('imagery', 'NN')",151,4042,2,2.013865777044839,0.012732123729324576,0.0004758784954165968
"('create', 'VB')","('inaction', 'NN')",19,4042,1,2.0109991363932362,0.052118551203879246,0.00024511590682486565
"('create', 'VB')","('position', 'NN')",2398,4042,5,2.006813571591292,0.0015723961296224276,0.0009330512873021272
"('create', 'VB')","('concern', 'NN')",1229,4042,4,2.0063808284434983,0.0027419529608921707,0.000834008973115356
"('create', 'VB')","('energy', 'NN')",2429,4042,5,2.001235235548991,0.0015457834906157718,0.0009291136513266655
"('create', 'VB')","('illustration', 'NN')",160,4042,2,1.9887227416820836,0.01198709003068065,0.0004747353107785595
"('create', 'VB')","('priesthood', 'NN')",20,4042,1,1.9887227416820836,0.049486972191379056,0.0002449888863095282
"('create', 'VB')","('amusement', 'NN')",20,4042,1,1.9887227416820836,0.049486972191379056,0.0002449888863095282
"('create', 'VB')","('voice', 'NN')",548,4042,3,1.982335943020683,0.004961644282571948,0.0006729806474438974
"('create', 'VB')","('record', 'NN')",551,4042,3,1.979964902653267,0.004931837630506151,0.0006725995858978851
"('create', 'VB')","('definition', 'NN')",1328,4042,4,1.9727346362979534,0.00249931610785615,0.0008214339420969461
"('create', 'VB')","('label', 'NN')",166,4042,2,1.9727346362979534,0.011535282411056813,0.0004739731876865347
"('create', 'VB')","('sound', 'NN')",563,4042,3,1.970608106653706,0.004815787554043351,0.0006710753397138353
"('create', 'VB')","('application', 'NN')",1340,4042,4,1.9688279129651445,0.0024723417606889496,0.0008199096959128965
"('create', 'VB')","('knot', 'NN')",21,4042,1,1.967533442612146,0.04710601974529487,0.0002448618657941907
"('create', 'VB')","('dipole', 'NN')",21,4042,1,1.967533442612146,0.04710601974529487,0.0002448618657941907
"('create', 'VB')","('money', 'NN')",1349,4042,4,1.9659207616580479,0.0024524259251919056,0.0008187665112748592
"('create', 'VB')","('revenue', 'NN')",572,4042,3,1.963720472712028,0.004731945409979298,0.0006699321550757982
"('create', 'VB')","('set', 'NN')",1364,4042,4,1.9611183410094921,0.0024198168909406546,0.0008168612035447971
"('create', 'VB')","('generation', 'NN')",579,4042,3,1.958437937777616,0.004668536859722011,0.0006690430114684358
"('create', 'VB')","('method', 'NN')",4642,4042,6,1.957501352377097,0.0007798524427569445,0.000895546547501115
"('create', 'VB')","('emission', 'NN')",172,4042,2,1.95731427743046,0.011114996226007891,0.0004732110645945099
"('create', 'VB')","('retention', 'NN')",172,4042,2,1.95731427743046,0.011114996226007891,0.0004732110645945099
"('create', 'VB')","('trace', 'NN')",174,4042,2,1.952293476055409,0.010981341992590536,0.0004729570235638349
"('create', 'VB')","('reliance', 'NN')",175,4042,2,1.949804675651714,0.010915660482480527,0.0004728300030484974
"('create', 'VB')","('look', 'NN')",175,4042,2,1.949804675651714,0.010915660482480527,0.0004728300030484974
"('create', 'VB')","('trust', 'NN')",592,4042,3,1.9487947947821327,0.004554756430614872,0.0006673917447690487
"('create', 'VB')","('mediation', 'NN')",22,4042,1,1.9473300565238587,0.04494151751566091,0.00024473484527885324
"('create', 'VB')","('shrine', 'NN')",22,4042,1,1.9473300565238587,0.04494151751566091,0.00024473484527885324
"('create', 'VB')","('backlash', 'NN')",22,4042,1,1.9473300565238587,0.04494151751566091,0.00024473484527885324
"('create', 'VB')","('respectability', 'NN')",22,4042,1,1.9473300565238587,0.04494151751566091,0.00024473484527885324
"('create', 'VB')","('buffer', 'NN')",176,4042,2,1.9473300565238587,0.010850725352427227,0.00047270298253315995
"('create', 'VB')","('spark', 'NN')",22,4042,1,1.9473300565238587,0.04494151751566091,0.00024473484527885324
"('create', 'VB')","('right', 'NN')",2796,4042,5,1.9401255832804778,0.0012755682791197177,0.000882497122197813
"('create', 'VB')","('narrative', 'NN')",606,4042,3,1.9386438773387662,0.004437683001024596,0.000665613457554324
"('create', 'VB')","('colony', 'NN')",618,4042,3,1.9301280264162366,0.0043415561022464785,0.0006640892113702743
"('create', 'VB')","('scenery', 'NN')",23,4042,1,1.928024901328472,0.04296523286554885,0.00024460782476351577
"('create', 'VB')","('region', 'NN')",1494,4042,4,1.9215821138505724,0.002164633278771076,0.0008003485365509255
"('create', 'VB')","('surface', 'NN')",1508,4042,4,1.917531369796197,0.002139776089807463,0.000798570249336201
"('create', 'VB')","('unemployment', 'NN')",640,4042,3,1.9149365275211652,0.0041746857377961254,0.0006612947600328499
"('create', 'VB')","('charge', 'NN')",642,4042,3,1.913581473436199,0.004160082803838182,0.000661040719002175
"('create', 'VB')","('hurdle', 'NN')",24,4042,1,1.9095414956344592,0.04115363859751845,0.00024448080424817824
"('create', 'VB')","('spiral', 'NN')",24,4042,1,1.9095414956344592,0.04115363859751845,0.00024448080424817824
"('create', 'VB')","('motivation', 'NN')",657,4042,3,1.9035511319452718,0.004053394676589298,0.0006591354112721129
"('create', 'VB')","('alignment', 'NN')",196,4042,2,1.9005866529815325,0.009691169319075738,0.0004701625722264105
"('create', 'VB')","('distinction', 'NN')",668,4042,3,1.8963400390295069,0.003978201878787202,0.0006577381856034006
"('create', 'VB')","('tree', 'NN')",671,4042,3,1.8943939813360602,0.003958122616552899,0.0006573571240573883
"('create', 'VB')","('library', 'NN')",199,4042,2,1.893989647928302,0.009537338747348287,0.0004697815106803981
"('create', 'VB')","('word', 'NN')",3110,4042,5,1.893902361327284,0.0010949959189096325,0.0008426126803818463
"('create', 'VB')","('vacancy', 'NN')",25,4042,1,1.8918127286740274,0.039486971865719936,0.0002443537837328408
"('create', 'VB')","('clustering', 'NN')",25,4042,1,1.8918127286740274,0.039486971865719936,0.0002443537837328408
"('create', 'VB')","('line', 'NN')",3139,4042,5,1.889871434654079,0.0010801409580856684,0.0008389290854370595
"('create', 'VB')","('wing', 'NN')",202,4042,2,1.8874913548913848,0.009388077394720834,0.0004694004491343857
"('create', 'VB')","('niche', 'NN')",203,4042,2,1.8853466864247959,0.009339303979360723,0.0004692734286190482
"('create', 'VB')","('pact', 'NN')",26,4042,1,1.8747793893752471,0.03794851026212652,0.0002442267632175033
"('create', 'VB')","('checklist', 'NN')",26,4042,1,1.8747793893752471,0.03794851026212652,0.0002442267632175033
"('create', 'VB')","('process', 'NN')",5622,4042,6,1.874315647225574,0.000554478152640794,0.0007710664424703913
"('create', 'VB')","('class', 'NN')",3258,4042,5,1.873711670381631,0.00102195309453161,0.0008238136441119003
"('create', 'VB')","('copy', 'NN')",210,4042,2,1.8706234296040896,0.009010896298570537,0.0004683842850116859
"('create', 'VB')","('damage', 'NN')",716,4042,3,1.8662034791971966,0.0036771249234820646,0.000651641200867202
"('create', 'VB')","('sanctuary', 'NN')",27,4042,1,1.8583889731870777,0.036524008772493205,0.00024409974270216586
"('create', 'VB')","('metaphysics', 'NN')",27,4042,1,1.8583889731870777,0.036524008772493205,0.00024409974270216586
"('create', 'VB')","('government', 'NN')",3390,4042,5,1.856463052151039,0.0009621868969980293,0.0008070469360873537
"('create', 'VB')","('flow', 'NN')",1747,4042,4,1.8536398063470212,0.0017768800164151763,0.0007682123461705448
"('create', 'VB')","('website', 'NN')",747,4042,3,1.8477958996896535,0.0035032430279813794,0.0006477035648917403
"('create', 'VB')","('molecule', 'NN')",756,4042,3,1.8425947060038457,0.0034554321532024763,0.000646560380253703
"('create', 'VB')","('evil', 'NN')",231,4042,2,1.8292307444458642,0.008145094065271096,0.00046571685418959896
"('create', 'VB')","('pathway', 'NN')",232,4042,2,1.827354739447109,0.008107774997315692,0.0004655898336742615
"('create', 'VB')","('dependency', 'NN')",232,4042,2,1.827354739447109,0.008107774997315692,0.0004655898336742615
"('create', 'VB')","('milieu', 'NN')",29,4042,1,1.827354739447109,0.033969730225882,0.0002438457016714909
"('create', 'VB')","('layer', 'NN')",801,4042,3,1.817483985420815,0.0032324936069645497,0.0006408444570635167
"('create', 'VB')","('layout', 'NN')",238,4042,2,1.8162657672814966,0.007890446295965775,0.0004648277105822366
"('create', 'VB')","('improvement', 'NN')",809,4042,3,1.8131679798927802,0.0031954565634234647,0.000639828292940817
"('create', 'VB')","('signal', 'NN')",814,4042,3,1.8104920966158513,0.003172678093944955,0.0006391931903641295
"('create', 'VB')","('consensus', 'NN')",242,4042,2,1.8090273583575773,0.0077515475008681075,0.00046431962852088674
"('create', 'VB')","('contradiction', 'NN')",246,4042,2,1.8019076172346293,0.007617165731286288,0.00046381154645953686
"('create', 'VB')","('folder', 'NN')",31,4042,1,1.7983910435117922,0.03174503599105748,0.00024359166064081596
"('create', 'VB')","('prophecy', 'NN')",31,4042,1,1.7983910435117922,0.03174503599105748,0.00024359166064081596
"('create', 'VB')","('contrast', 'NN')",854,4042,3,1.7896586308160471,0.0030000523659820004,0.0006341123697506307
"('create', 'VB')","('offense', 'NN')",256,4042,2,1.7846027590261593,0.007299583779278439,0.0004625413413061621
"('create', 'VB')","('paralysis', 'NN')",32,4042,1,1.7846027590261593,0.030736971409796473,0.0002434646401254785
"('create', 'VB')","('ionization', 'NN')",32,4042,1,1.7846027590261593,0.030736971409796473,0.0002434646401254785
"('create', 'VB')","('retreat', 'NN')",32,4042,1,1.7846027590261593,0.030736971409796473,0.0002434646401254785
"('create', 'VB')","('homogeneity', 'NN')",33,4042,1,1.7712387974681778,0.029790001647694787,0.00024333761961014102
"('create', 'VB')","('elitism', 'NN')",33,4042,1,1.7712387974681778,0.029790001647694787,0.00024333761961014102
"('create', 'VB')","('lot', 'NN')",896,4042,3,1.7688084918429272,0.0028353833548607566,0.0006287775081064568
"('create', 'VB')","('custom', 'NN')",266,4042,2,1.7679610877069416,0.007005880120563147,0.00046127113615278736
"('create', 'VB')","('vehicle', 'NN')",268,4042,2,1.76470793030922,0.006949769565006626,0.0004610170951221124
"('create', 'VB')","('category', 'NN')",912,4042,3,1.7611216631766364,0.0027766417115304147,0.0006267451798610572
"('create', 'VB')","('sexuality', 'NN')",271,4042,2,1.759873433463603,0.006867156603221085,0.0004606360335761
"('create', 'VB')","('rectangle', 'NN')",34,4042,1,1.7582738203038097,0.02889873598541483,0.00024321059909480355
"('create', 'VB')","('room', 'NN')",922,4042,3,1.756385580451423,0.00274096347162081,0.0006254749747076825
"('create', 'VB')","('argument', 'NN')",2195,4042,4,1.7544981867518121,0.0013095349252067415,0.0007113071552993569
"('create', 'VB')","('robot', 'NN')",277,4042,2,1.7503629552735602,0.006707299018262087,0.0004598739104840752
"('create', 'VB')","('family', 'NN')",2224,4042,4,1.7487979284199324,0.0012857707254021276,0.0007076235603545701
"('create', 'VB')","('synergy', 'NN')",35,4042,1,1.7456846929957892,0.028058399785829025,0.00024308357857946605
"('create', 'VB')","('simile', 'NN')",35,4042,1,1.7456846929957892,0.028058399785829025,0.00024308357857946605
"('create', 'VB')","('company', 'NN')",4458,4042,5,1.7375226862099025,0.0006087702659757386,0.0006713890257069325
"('create', 'VB')","('screen', 'NN')",287,4042,2,1.7349608276040163,0.006455722875546504,0.00045860370533070045
"('create', 'VB')","('movie', 'NN')",36,4042,1,1.7334502365787778,0.02726474892704619,0.00024295655806412858
"('create', 'VB')","('earthquake', 'NN')",36,4042,1,1.7334502365787778,0.02726474892704619,0.00024295655806412858
"('create', 'VB')","('plethora', 'NN')",36,4042,1,1.7334502365787778,0.02726474892704619,0.00024295655806412858
"('create', 'VB')","('contract', 'NN')",973,4042,3,1.7330036612367006,0.0025704117428814437,0.0006189969284254714
"('create', 'VB')","('hole', 'NN')",296,4042,2,1.7215510132790701,0.0062438379312392996,0.00045746052069266317
"('create', 'VB')","('equity', 'NN')",296,4042,2,1.7215510132790701,0.0062438379312392996,0.00045746052069266317
"('create', 'VB')","('poetry', 'NN')",300,4042,2,1.7157214696183463,0.006153747580668165,0.0004569524386313133
"('create', 'VB')","('anxiety', 'NN')",301,4042,2,1.7142762287441653,0.006131599121306445,0.0004568254181159758
"('create', 'VB')","('contingent', 'NN')",38,4042,1,1.709969140729255,0.0258027604926885,0.00024270251703345364
"('create', 'VB')","('exclusion', 'NN')",305,4042,2,1.7085428849912228,0.006044457637580148,0.00045631733605462594
"('create', 'VB')","('drama', 'NN')",306,4042,2,1.7071212978564285,0.006023028235697735,0.00045619031553928847
"('create', 'VB')","('mix', 'NN')",307,4042,2,1.7057043488608221,0.006001738438615059,0.000456063295023951
"('create', 'VB')","('population', 'NN')",2470,4042,4,1.7032357580702866,0.0011066267527159528,0.0006763765135815518
"('create', 'VB')","('hindrance', 'NN')",39,4042,1,1.6986881303195658,0.025127996594897842,0.00024257549651811617
"('create', 'VB')","('experience', 'NN')",2512,4042,4,1.6959130762647938,0.001079547507013604,0.0006710416519373778
"('create', 'VB')","('presence', 'NN')",1065,4042,3,1.6937668937302959,0.00230405947309012,0.0006073110410144238
"('create', 'VB')","('flag', 'NN')",40,4042,1,1.6876927460181026,0.0244869708887401,0.0002424484760027787
"('create', 'VB')","('concentration', 'NN')",1088,4042,3,1.6844876061428913,0.0022445095081245685,0.0006043895691616619
"('create', 'VB')","('failure', 'NN')",1094,4042,3,1.6820991795076403,0.0022293865235937537,0.0006036274460696371
"('create', 'VB')","('necessity', 'NN')",330,4042,2,1.6743287844601211,0.0055476850209912896,0.0004531418231711891
"('create', 'VB')","('procedure', 'NN')",1118,4042,3,1.6726746979546478,0.0021705177619039647,0.0006005789537015377
"('create', 'VB')","('phrase', 'NN')",333,4042,2,1.670398490831689,0.00549308477102879,0.0004527607616251767
"('create', 'VB')","('requirement', 'NN')",1131,4042,3,1.667653896579597,0.0021396736607922433,0.0005989276870021507
"('create', 'VB')","('interpretation', 'NN')",1133,4042,3,1.6668865916416553,0.0021349912359510865,0.0005986736459714756
"('create', 'VB')","('finish', 'NN')",42,4042,1,1.6665034469481645,0.023296494567999645,0.00024219443497210376
"('create', 'VB')","('deviation', 'NN')",340,4042,2,1.6613638072957537,0.005369431250352969,0.0004518716180178144
"('create', 'VB')","('hierarchy', 'NN')",341,4042,2,1.6600883453455109,0.005352180883351723,0.0004517445975024769
"('create', 'VB')","('doctrine', 'NN')",343,4042,2,1.6575486042952383,0.005317981903901021,0.00045149055647180194
"('create', 'VB')","('reservoir', 'NN')",43,4042,1,1.6562842817664785,0.022742784646832055,0.00024206741445676627
"('create', 'VB')","('influx', 'NN')",44,4042,1,1.6463000608598777,0.02221424335548424,0.0002419403939414288
"('create', 'VB')","('shield', 'NN')",44,4042,1,1.6463000608598777,0.02221424335548424,0.0002419403939414288
"('create', 'VB')","('hero', 'NN')",354,4042,2,1.6438394623122208,0.005136794911605793,0.0004500933308030897
"('create', 'VB')","('statement', 'NN')",1201,4042,3,1.6415734941021463,0.0019850676099306954,0.0005900362509285275
"('create', 'VB')","('coalition', 'NN')",45,4042,1,1.6365402235707214,0.021709192785301548,0.00024181337342609133
"('create', 'VB')","('upheaval', 'NN')",45,4042,1,1.6365402235707214,0.021709192785301548,0.00024181337342609133
"('create', 'VB')","('feedback', 'NN')",362,4042,2,1.6341341538048428,0.0050119387549645115,0.00044907716668038996
"('create', 'VB')","('theater', 'NN')",369,4042,2,1.6258163581789482,0.004907130621203837,0.0004481880230730276
"('create', 'VB')","('loop', 'NN')",381,4042,2,1.6119177486623892,0.004736419471224416,0.000446663776888978
"('create', 'VB')","('discomfort', 'NN')",48,4042,1,1.608511499970478,0.020320303701015993,0.00024143231188007892
"('create', 'VB')","('housewife', 'NN')",48,4042,1,1.608511499970478,0.020320303701015993,0.00024143231188007892
"('create', 'VB')","('tendency', 'NN')",385,4042,2,1.607381994829508,0.004681880573521946,0.0004461556948276281
"('create', 'VB')","('mixture', 'NN')",387,4042,2,1.6051317593190972,0.004655033904804069,0.0004459016537969531
"('create', 'VB')","('index', 'NN')",388,4042,2,1.6040109987438014,0.00464171435860931,0.00044577463328161564
"('create', 'VB')","('misery', 'NN')",50,4042,1,1.5907827330100464,0.01948697023741814,0.00024117827084940395
"('create', 'VB')","('shop', 'NN')",406,4042,2,1.5843166907608144,0.004413182385541646,0.00044348826400554114
"('create', 'VB')","('exhibition', 'NN')",51,4042,1,1.5821825612481286,0.019094813309540753,0.00024105125033406648
"('create', 'VB')","('excitement', 'NN')",51,4042,1,1.5821825612481286,0.019094813309540753,0.00024105125033406648
"('create', 'VB')","('authenticity', 'NN')",51,4042,1,1.5821825612481286,0.019094813309540753,0.00024105125033406648
"('create', 'VB')","('bidder', 'NN')",51,4042,1,1.5821825612481286,0.019094813309540753,0.00024105125033406648
"('create', 'VB')","('read', 'NN')",51,4042,1,1.5821825612481286,0.019094813309540753,0.00024105125033406648
"('create', 'VB')","('spike', 'NN')",51,4042,1,1.5821825612481286,0.019094813309540753,0.00024105125033406648
"('create', 'VB')","('climax', 'NN')",52,4042,1,1.573749393711266,0.01871773933792278,0.00024092422981872902
"('create', 'VB')","('dualism', 'NN')",53,4042,1,1.5654768677452762,0.018354894570323115,0.00024079720930339155
"('create', 'VB')","('suction', 'NN')",53,4042,1,1.5654768677452762,0.018354894570323115,0.00024079720930339155
"('create', 'VB')","('fingerprint', 'NN')",54,4042,1,1.5573589775230967,0.01800548849540741,0.00024067018878805408
"('create', 'VB')","('maze', 'NN')",54,4042,1,1.5573589775230967,0.01800548849540741,0.00024067018878805408
"('create', 'VB')","('map', 'NN')",433,4042,2,1.556354827984643,0.004106009897197914,0.00044005871009142935
"('create', 'VB')","('abstract', 'NN')",55,4042,1,1.5493900478518212,0.017668788093574722,0.0002405431682727166
"('create', 'VB')","('appearance', 'NN')",444,4042,2,1.5454597542233888,0.003991576041012188,0.00043866148442271713
"('create', 'VB')","('forefront', 'NN')",56,4042,1,1.5415647103398646,0.017344112703767026,0.00024041614775737914
"('create', 'VB')","('utopia', 'NN')",56,4042,1,1.5415647103398646,0.017344112703767026,0.00024041614775737914
"('create', 'VB')","('lack', 'NN')",1518,4042,3,1.5398447299455909,0.0014634131500017703,0.0005497707475665485
"('create', 'VB')","('denial', 'NN')",57,4042,1,1.5338778816735736,0.01703082943061459,0.00024028912724204167
"('create', 'VB')","('cast', 'NN')",58,4042,1,1.5263247437831278,0.01672834902670421,0.00024016210672670417
"('create', 'VB')","('block', 'NN')",470,4042,2,1.5207448664022913,0.0037423889922487035,0.00043535895102394287
"('create', 'VB')","('role', 'NN')",3771,4042,4,1.5194761789243318,0.0005478354118141652,0.0005111228231274991
"('create', 'VB')","('segregation', 'NN')",59,4042,1,1.5189007257039209,0.016436122193599845,0.0002400350862113667
"('create', 'VB')","('bid', 'NN')",59,4042,1,1.5189007257039209,0.016436122193599845,0.0002400350862113667
"('create', 'VB')","('leadership', 'NN')",473,4042,2,1.517981583600197,0.0037153994576683016,0.00043497788947793046
"('create', 'VB')","('alternative', 'NN')",478,4042,2,1.5134148277258899,0.0036711697407372026,0.00043434278690124306
"('create', 'VB')","('receipt', 'NN')",60,4042,1,1.5116014869624215,0.016153636252761193,0.00023990806569602923
"('create', 'VB')","('ethos', 'NN')",60,4042,1,1.5116014869624215,0.016153636252761193,0.00023990806569602923
"('create', 'VB')","('slack', 'NN')",60,4042,1,1.5116014869624215,0.016153636252761193,0.00023990806569602923
"('create', 'VB')","('slavery', 'NN')",481,4042,2,1.510697647964177,0.003645073284961532,0.00043396172535523065
"('create', 'VB')","('profit', 'NN')",1662,4042,3,1.5004854820569602,0.0012921733385732241,0.0005314797933579523
"('create', 'VB')","('norm', 'NN')",495,4042,2,1.4982375254044398,0.003527472255633772,0.000432183438140506
"('create', 'VB')","('spindle', 'NN')",62,4042,1,1.4973610478478112,0.015616001713894122,0.0002396540246653543
"('create', 'VB')","('savage', 'NN')",62,4042,1,1.4973610478478112,0.015616001713894122,0.0002396540246653543
"('create', 'VB')","('continuum', 'NN')",64,4042,1,1.4835727633621778,0.01511196932556462,0.00023939998363467935
"('create', 'VB')","('historiography', 'NN')",64,4042,1,1.4835727633621778,0.01511196932556462,0.00023939998363467935
"('create', 'VB')","('account', 'NN')",1746,4042,3,1.4790722621355015,0.0012053267746670346,0.0005208100700696045
"('create', 'VB')","('poster', 'NN')",65,4042,1,1.4768393807032094,0.014871584645047486,0.00023927296311934186
"('create', 'VB')","('agency', 'NN')",525,4042,2,1.4726834209320518,0.0032965900710405366,0.0004283728226803818
"('create', 'VB')","('registration', 'NN')",66,4042,1,1.4702088018041963,0.014638484346814718,0.0002391459426040044
"('create', 'VB')","('point', 'NN')",4242,4042,4,1.4683620471494092,0.0004300295667481434,0.0004512961604035493
"('create', 'VB')","('protein', 'NN')",1790,4042,3,1.4682634705251592,0.0011630885042272724,0.0005152211673947558
"('create', 'VB')","('algorithm', 'NN')",546,4042,2,1.4556500816332714,0.0031500685569124318,0.0004257053918582949
"('create', 'VB')","('provision', 'NN')",548,4042,2,1.4540621658536395,0.0031366998001563615,0.00042545135082761997
"('create', 'VB')","('indifference', 'NN')",69,4042,1,1.4509036466088099,0.013979722623090269,0.00023876488105799198
"('create', 'VB')","('output', 'NN')",1869,4042,3,1.4495072001262204,0.00109224214196518,0.0005051865466830954
"('create', 'VB')","('regime', 'NN')",556,4042,2,1.4477679327559512,0.003084186544822594,0.00042443518670492016
"('create', 'VB')","('province', 'NN')",71,4042,1,1.4384943886269896,0.013571475911890165,0.00023851084002731704
"('create', 'VB')","('multiplicity', 'NN')",71,4042,1,1.4384943886269896,0.013571475911890165,0.00023851084002731704
"('create', 'VB')","('store', 'NN')",569,4042,2,1.4377304579429375,0.003002001884620515,0.000422783920005533
"('create', 'VB')","('remainder', 'NN')",72,4042,1,1.4324202409147966,0.013375857693392898,0.00023838381951197954
"('create', 'VB')","('uniformity', 'NN')",72,4042,1,1.4324202409147966,0.013375857693392898,0.00023838381951197954
"('create', 'VB')","('ideology', 'NN')",578,4042,2,1.4309148859174796,0.0029472704223774604,0.0004216407353674958
"('create', 'VB')","('ring', 'NN')",582,4042,2,1.42791973968812,0.0029234886662595034,0.00042113265330614584
"('create', 'VB')","('oxide', 'NN')",73,4042,1,1.4264298772256092,0.01318559887635766,0.00023825679899664207
"('create', 'VB')","('flood', 'NN')",73,4042,1,1.4264298772256092,0.01318559887635766,0.00023825679899664207
"('create', 'VB')","('trajectory', 'NN')",74,4042,1,1.4205210176150889,0.013000482187752207,0.0002381297784813046
"('create', 'VB')","('scandal', 'NN')",74,4042,1,1.4205210176150889,0.013000482187752207,0.0002381297784813046
"('create', 'VB')","('resentment', 'NN')",74,4042,1,1.4205210176150889,0.013000482187752207,0.0002381297784813046
"('create', 'VB')","('misunderstanding', 'NN')",74,4042,1,1.4205210176150889,0.013000482187752207,0.0002381297784813046
"('create', 'VB')","('worth', 'NN')",75,4042,1,1.4146914739543652,0.012820301942439343,0.00023800275796596713
"('create', 'VB')","('whole', 'NN')",609,4042,2,1.4082254317051333,0.0027711330406306267,0.00041770309939203405
"('create', 'VB')","('projection', 'NN')",77,4042,1,1.4032620121735833,0.01247398146585358,0.0002377487169352922
"('create', 'VB')","('marketplace', 'NN')",77,4042,1,1.4032620121735833,0.01247398146585358,0.0002377487169352922
"('create', 'VB')","('clash', 'NN')",78,4042,1,1.3976581346555847,0.01230748123422068,0.00023762169641995472
"('create', 'VB')","('deal', 'NN')",637,4042,2,1.3887032920026583,0.002626776392955053,0.00041414652496258485
"('create', 'VB')","('clarity', 'NN')",81,4042,1,1.3812677184674154,0.011832647230655238,0.0002372406348739423
"('create', 'VB')","('error', 'NN')",2206,4042,3,1.3775109934008807,0.0008470112261129801,0.0004623806330143669
"('create', 'VB')","('schema', 'NN')",83,4042,1,1.3706746449699911,0.011535160859128282,0.00023698659384326735
"('create', 'VB')","('beginning', 'NN')",665,4042,2,1.370021079034904,0.0024945759409850635,0.0004105899505331356
"('create', 'VB')","('polarization', 'NN')",84,4042,1,1.3654734512841835,0.011391729927673016,0.00023685957332792988
"('create', 'VB')","('inefficiency', 'NN')",84,4042,1,1.3654734512841835,0.011391729927673016,0.00023685957332792988
"('create', 'VB')","('interior', 'NN')",84,4042,1,1.3654734512841835,0.011391729927673016,0.00023685957332792988
"('create', 'VB')","('comedy', 'NN')",85,4042,1,1.3603338116317725,0.011251673840131204,0.0002367325528125924
"('create', 'VB')","('smoke', 'NN')",86,4042,1,1.3552542861024972,0.011114874869389583,0.00023660553229725494
"('create', 'VB')","('voltage', 'NN')",710,4042,2,1.3415843756189334,0.0023039556217416884,0.0004048740273429493
"('create', 'VB')","('jurisprudence', 'NN')",89,4042,1,1.3403627307011523,0.010722922753426477,0.0002362244707512425
"('create', 'VB')","('circumstance', 'NN')",715,4042,2,1.338536682536928,0.0022842566848582033,0.00040423892476626195
"('create', 'VB')","('source', 'NN')",2423,4042,3,1.3367630873675462,0.0007252041646964319,0.00043481718118613526
"('create', 'VB')","('sequence', 'NN')",719,4042,2,1.336113833955126,0.0022686947954359362,0.000403730842704912
"('create', 'VB')","('portrait', 'NN')",90,4042,1,1.3355102279067401,0.010598078743224881,0.00023609745023590504
"('create', 'VB')","('herd', 'NN')",90,4042,1,1.3355102279067401,0.010598078743224881,0.00023609745023590504
"('create', 'VB')","('employment', 'NN')",728,4042,2,1.3307113450249715,0.002234305788253715,0.0004025876580668748
"('create', 'VB')","('caste', 'NN')",91,4042,1,1.3307113450249715,0.010475978555991812,0.00023597042972056757
"('create', 'VB')","('rent', 'NN')",91,4042,1,1.3307113450249715,0.010475978555991812,0.00023597042972056757
"('create', 'VB')","('strain', 'NN')",728,4042,2,1.3307113450249715,0.002234305788253715,0.0004025876580668748
"('create', 'VB')","('polarity', 'NN')",92,4042,1,1.3259649100005098,0.010356532719239161,0.0002358434092052301
"('create', 'VB')","('dam', 'NN')",92,4042,1,1.3259649100005098,0.010356532719239161,0.0002358434092052301
"('create', 'VB')","('organelle', 'NN')",93,4042,1,1.32126978879213,0.010239655608757886,0.00023571638868989263
"('create', 'VB')","('intent', 'NN')",93,4042,1,1.32126978879213,0.010239655608757886,0.00023571638868989263
"('create', 'VB')","('presumption', 'NN')",94,4042,1,1.3166248837463663,0.010125265243922302,0.00023558936817455516
"('create', 'VB')","('divide', 'NN')",95,4042,1,1.3120291320572173,0.010013283095922547,0.00023546234765921766
"('create', 'VB')","('test', 'NN')",2594,4042,3,1.3071465297569913,0.000643573516378397,0.0004130966730634273
"('create', 'VB')","('knowledge', 'NN')",2601,4042,3,1.3059761493091797,0.0006404605631733203,0.00041220752945606503
"('create', 'VB')","('art', 'NN')",775,4042,2,1.3035410218316983,0.0020676951412865415,0.00039661769384601356
"('create', 'VB')","('classroom', 'NN')",97,4042,1,1.3029810030798201,0.009796245526698248,0.00023520830662854272
"('create', 'VB')","('closure', 'NN')",97,4042,1,1.3029810030798201,0.009796245526698248,0.00023520830662854272
"('create', 'VB')","('cell', 'NN')",2633,4042,3,1.3006656423989842,0.0006264406733724781,0.0004081428729652659
"('create', 'VB')","('stigma', 'NN')",98,4042,1,1.2985266616535702,0.00969104874370278,0.00023508128611320525
"('create', 'VB')","('wave', 'NN')",787,4042,2,1.296867991978944,0.0020283452594483426,0.0003950934476619639
"('create', 'VB')","('volume', 'NN')",791,4042,2,1.2946662408403322,0.0020154939442648266,0.00039458536560061394
"('create', 'VB')","('pole', 'NN')",99,4042,1,1.2941175427485152,0.009587977146926743,0.00023495426559786778
"('create', 'VB')","('variation', 'NN')",794,4042,2,1.2930222219109124,0.0020059404302158286,0.00039420430405460153
"('create', 'VB')","('plasma', 'NN')",100,4042,1,1.289752737346065,0.009486966980783542,0.0002348272450825303
"('create', 'VB')","('place', 'NN')",2702,4042,3,1.2894311568190406,0.0005973401212935784,0.0003993784574069802
"('create', 'VB')","('disparity', 'NN')",101,4042,1,1.2854313635634227,0.00938795701466033,0.00023470022456719284
"('create', 'VB')","('lake', 'NN')",102,4042,1,1.2811525655841476,0.009290888419144749,0.00023457320405185535
"('create', 'VB')","('result', 'NN')",6612,4042,4,1.2755998664305424,9.188434658792695e-05,0.00015025753905373784
"('create', 'VB')","('intervention', 'NN')",832,4042,2,1.2727193980472848,0.0018908924215109981,0.0003893775244717776
"('create', 'VB')","('color', 'NN')",832,4042,2,1.2727193980472848,0.0018908924215109981,0.0003893775244717776
"('create', 'VB')","('shame', 'NN')",104,4042,1,1.2727193980472848,0.009102351335635604,0.0002343191630211804
"('create', 'VB')","('tape', 'NN')",104,4042,1,1.2727193980472848,0.009102351335635604,0.0002343191630211804
"('create', 'VB')","('option', 'NN')",840,4042,2,1.2685634382761268,0.0018679981275839604,0.00038836136034907777
"('create', 'VB')","('prison', 'NN')",105,4042,1,1.2685634382761268,0.009010776178927335,0.00023419214250584294
"('create', 'VB')","('play', 'NN')",841,4042,2,1.2680467285400965,0.00186516696568784,0.0003882343398337403
"('create', 'VB')","('recession', 'NN')",106,4042,1,1.264446872081295,0.008920928854135556,0.00023406512199050547
"('create', 'VB')","('machine', 'NN')",850,4042,2,1.263423798623716,0.0018399862718090976,0.0003870911551957031
"('create', 'VB')","('offspring', 'NN')",107,4042,1,1.2603689596608554,0.008832760917374763,0.000233938101475168
"('create', 'VB')","('leader', 'NN')",857,4042,2,1.2598619024148106,0.0018207669264802178,0.00038620201158834073
"('create', 'VB')","('sample', 'NN')",2914,4042,3,1.256626954071081,0.0005165503326823382,0.0003724501081554359
"('create', 'VB')","('approximation', 'NN')",108,4042,1,1.2563289818591155,0.00874622571897743,0.00023381108095983053
"('create', 'VB')","('workshop', 'NN')",109,4042,1,1.2523262394054415,0.00866127832119043,0.00023368406044449306
"('create', 'VB')","('hypothesis', 'NN')",887,4042,2,1.2449191045062824,0.0017418341173323305,0.00038239139612821654
"('create', 'VB')","('religion', 'NN')",894,4042,2,1.241505205542091,0.0017241786949537398,0.0003815022525208542
"('create', 'VB')","('regulation', 'NN')",896,4042,2,1.2405347146758834,0.0017191849565119442,0.00038124821149017926
"('create', 'VB')","('microscope', 'NN')",112,4042,1,1.2405347146758834,0.008415537627756516,0.00023330299889848062
"('create', 'VB')","('equivalent', 'NN')",114,4042,1,1.2328478860095924,0.00825889589347985,0.00023304895786780568
"('create', 'VB')","('debate', 'NN')",919,4042,2,1.2295272129518975,0.0016633191650274003,0.0003783267396374174
"('create', 'VB')","('erosion', 'NN')",115,4042,1,1.2290548969924533,0.008182618177698145,0.00023292193735246822
"('create', 'VB')","('resistance', 'NN')",922,4042,2,1.2281118032843794,0.001656237802942709,0.000377945678091405
"('create', 'VB')","('series', 'NN')",925,4042,2,1.2267009915989762,0.0016492023727499316,0.0003775646165453926
"('create', 'VB')","('prototype', 'NN')",117,4042,1,1.2215668755999034,0.00803397442052691,0.00023266789632179325
"('create', 'VB')","('lag', 'NN')",117,4042,1,1.2215668755999034,0.00803397442052691,0.00023266789632179325
"('create', 'VB')","('car', 'NN')",948,4042,2,1.2160343869999426,0.0015967433539291135,0.0003746431446926307
"('create', 'VB')","('hazard', 'NN')",119,4042,1,1.2142057759535343,0.00789032708778937,0.0002324138552911183
"('create', 'VB')","('claim', 'NN')",957,4042,2,1.2119307865611653,0.0015769022852288148,0.0003734999600545934
"('create', 'VB')","('efficiency', 'NN')",969,4042,2,1.2065189472872433,0.00155102083295613,0.0003719757138705437
"('create', 'VB')","('digit', 'NN')",123,4042,1,1.199847625906667,0.007617046783530754,0.00023190577322976843
"('create', 'VB')","('capacity', 'NN')",988,4042,2,1.1980857797503806,0.0015113276053009598,0.00036956232407913173
"('create', 'VB')","('replication', 'NN')",124,4042,1,1.1963310521838302,0.007551481546616509,0.00023177875271443096
"('create', 'VB')","('license', 'NN')",125,4042,1,1.1928427243380086,0.00748696535245074,0.0002316517321990935
"('create', 'VB')","('control', 'NN')",3380,4042,3,1.1921998012273978,0.0003745812393663927,0.0003132585480081734
"('create', 'VB')","('platform', 'NN')",126,4042,1,1.1893821922285022,0.007423473223825149,0.000231524711683756
"('create', 'VB')","('opinion', 'NN')",1010,4042,2,1.1885213505553662,0.0014672326942264434,0.00036676787274170735
"('create', 'VB')","('course', 'NN')",1017,4042,2,1.1855217714152642,0.0014536025567495605,0.00036587872913434506
"('create', 'VB')","('heritage', 'NN')",128,4042,1,1.1825427676981966,0.00729946515705011,0.00023127067065308106
"('create', 'VB')","('medium', 'NN')",1038,4042,2,1.1766453708255695,0.0014138151243240555,0.0003632112983122581
"('create', 'VB')","('existence', 'NN')",1053,4042,2,1.1704143531525222,0.001386367106400192,0.000361305990582196
"('create', 'VB')","('perspective', 'NN')",1055,4042,2,1.1695902647042973,0.0013827663406224967,0.00036105194955152105
"('create', 'VB')","('remedy', 'NN')",133,4042,1,1.1659010963789793,0.007005761823863263,0.00023063556807639368
"('create', 'VB')","('following', 'NN')",133,4042,1,1.1659010963789793,0.007005761823863263,0.00023063556807639368
"('create', 'VB')","('accountability', 'NN')",134,4042,1,1.1626479389812576,0.00694965133341258,0.0002305085475610562
"('create', 'VB')","('business', 'NN')",3621,4042,3,1.1622879766880407,0.00031549198625460434,0.0002826466038118424
"('create', 'VB')","('majority', 'NN')",1076,4042,2,1.1610304530076383,0.0013457664351536201,0.0003583845187294341
"('create', 'VB')","('stress', 'NN')",1087,4042,2,1.1566131802517141,0.0013269560621525442,0.00035698729306072186
"('create', 'VB')","('comparison', 'NN')",1102,4042,2,1.1506611298222424,0.0013019107148750347,0.00035508198533065977
"('create', 'VB')","('privilege', 'NN')",139,4042,1,1.1467379370919701,0.006681209044896403,0.00022987344498436886
"('create', 'VB')","('volatility', 'NN')",140,4042,1,1.1436247016678271,0.00662982151830324,0.0002297464244690314
"('create', 'VB')","('mass', 'NN')",1121,4042,2,1.1432371117430356,0.0012711487649163544,0.0003526685955392478
"('create', 'VB')","('tolerance', 'NN')",143,4042,1,1.1344166998810032,0.006479971173051715,0.00022936536292301896
"('create', 'VB')","('tag', 'NN')",144,4042,1,1.1313902452508153,0.006431408559355341,0.0002292383424076815
"('create', 'VB')","('injustice', 'NN')",145,4042,1,1.1283847351110903,0.006383515773914987,0.00022911132189234402
"('create', 'VB')","('future', 'NN')",1161,4042,2,1.1280105045994349,0.0012096777247420515,0.0003475877749257489
"('create', 'VB')","('expertise', 'NN')",147,4042,1,1.122435402597889,0.006289685007944698,0.00022885728086166905
"('create', 'VB')","('passion', 'NN')",147,4042,1,1.122435402597889,0.006289685007944698,0.00022885728086166905
"('create', 'VB')","('superiority', 'NN')",147,4042,1,1.122435402597889,0.006289685007944698,0.00022885728086166905
"('create', 'VB')","('pub', 'NN')",147,4042,1,1.122435402597889,0.006289685007944698,0.00022885728086166905
"('create', 'VB')","('grassland', 'NN')",148,4042,1,1.1194910219511076,0.0062437206111321895,0.00022873026034633158
"('create', 'VB')","('component', 'NN')",1191,4042,2,1.116930962855231,0.0011662840103599725,0.0003437771594656247
"('create', 'VB')","('threshold', 'NN')",149,4042,1,1.116566468933791,0.00619837318521468,0.00022860323983099411
"('create', 'VB')","('fact', 'NN')",4030,4042,3,1.1158114553639429,0.00023138179399283948,0.0002306952130388158
"('create', 'VB')","('nation', 'NN')",1203,4042,2,1.112577096998164,0.0011495324943234125,0.000342252913281575
"('create', 'VB')","('child', 'NN')",4076,4042,3,1.1108823261706637,0.00022297762456397602,0.0002248522693332921
"('create', 'VB')","('sociology', 'NN')",151,4042,1,1.1107757900528956,0.006109480215265051,0.00022834919880031918
"('create', 'VB')","('justice', 'NN')",1211,4042,2,1.1096985811949565,0.0011385492456394719,0.0003412367491588752
"('create', 'VB')","('speech', 'NN')",1240,4042,2,1.0994210391757737,0.0010999229194251542,0.00033755315421408853
"('create', 'VB')","('viscosity', 'NN')",157,4042,1,1.0938530849368313,0.005856390019762027,0.00022758707570829433
"('create', 'VB')","('overview', 'NN')",161,4042,1,1.0829268613142153,0.005698143131856947,0.00022707899364694445
"('create', 'VB')","('deflection', 'NN')",163,4042,1,1.0775651329421072,0.005621932202518458,0.00022682495261626949
"('create', 'VB')","('man', 'NN')",4462,4042,3,1.0715869355572334,0.00015928100758934468,0.00017582235041302744
"('create', 'VB')","('development', 'NN')",4527,4042,3,1.0653060070098002,0.00014962305458172,0.00016756601691609164
"('create', 'VB')","('tank', 'NN')",170,4042,1,1.0593038159677912,0.005369315362602118,0.0002259358090089072
"('create', 'VB')","('sustainability', 'NN')",170,4042,1,1.0593038159677912,0.005369315362602118,0.0002259358090089072
"('create', 'VB')","('prejudice', 'NN')",170,4042,1,1.0593038159677912,0.005369315362602118,0.0002259358090089072
"('create', 'VB')","('side', 'NN')",1362,4042,2,1.0586656167612423,0.0009554405281271978,0.0003220566513429168
"('create', 'VB')","('page', 'NN')",1368,4042,2,1.0567566269539113,0.0009489996601892056,0.00032129452825089194
"('create', 'VB')","('citizenship', 'NN')",172,4042,1,1.0542242904385164,0.0053009157795291814,0.00022568176797823223
"('create', 'VB')","('forecast', 'NN')",173,4042,1,1.0517066342172696,0.005267309046832033,0.00022555474746289476
"('create', 'VB')","('mirror', 'NN')",173,4042,1,1.0517066342172696,0.005267309046832033,0.00022555474746289476
"('create', 'VB')","('disruption', 'NN')",178,4042,1,1.039332735037171,0.005104939428440902,0.0002249196448862074
"('create', 'VB')","('painting', 'NN')",179,4042,1,1.036899706366172,0.00507355401398756,0.00022479262437086992
"('create', 'VB')","('repetition', 'NN')",180,4042,1,1.034480232242759,0.005042517325637746,0.00022466560385553245
"('create', 'VB')","('proximity', 'NN')",181,4042,1,1.0320741624768806,0.0050118235834007915,0.00022453858334019498
"('create', 'VB')","('protocol', 'NN')",183,4042,1,1.0273016476156356,0.004951442448995771,0.00022428454230952004
"('create', 'VB')","('propaganda', 'NN')",183,4042,1,1.0273016476156356,0.004951442448995771,0.00022428454230952004
"('create', 'VB')","('reaction', 'NN')",1471,4042,2,1.0252300516104786,0.0008466239533924087,0.0003082114151711322
"('create', 'VB')","('disturbance', 'NN')",184,4042,1,1.0249349143365287,0.004921744118239996,0.00022415752179418257
"('create', 'VB')","('breed', 'NN')",184,4042,1,1.0249349143365287,0.004921744118239996,0.00022415752179418257
"('create', 'VB')","('understanding', 'NN')",1477,4042,2,1.023462229026059,0.000841100396785987,0.0003074492920791073
"('create', 'VB')","('operator', 'NN')",186,4042,1,1.0202397931281488,0.004863305465296827,0.0002239034807635076
"('create', 'VB')","('substitute', 'NN')",187,4042,1,1.017911130809566,0.004834554897028486,0.00022377646024817014
"('create', 'VB')","('sensation', 'NN')",190,4042,1,1.010999136393236,0.0047501190134739205,0.00022339539870215773
"('create', 'VB')","('term', 'NN')",5141,4042,3,1.0100688976380185,7.0436568608031e-05,8.957542049888316e-05
"('create', 'VB')","('aggression', 'NN')",191,4042,1,1.0087193700983375,0.004722563147843315,0.00022326837818682026
"('create', 'VB')","('graph', 'NN')",1530,4042,2,1.00815129352041,0.0007941903460130945,0.0003007172047662213
"('create', 'VB')","('city', 'NN')",1531,4042,2,1.0078675336397476,0.0007933364666709573,0.0003005901842508838
"('create', 'VB')","('coverage', 'NN')",194,4042,1,1.001951007415839,0.004641600033456303,0.00022288731664080782
"('create', 'VB')","('irrigation', 'NN')",194,4042,1,1.001951007415839,0.004641600033456303,0.00022288731664080782
"('create', 'VB')","('assembly', 'NN')",196,4042,1,0.997496665989589,0.004589001544255749,0.00022263327561013288
"('create', 'VB')","('flaw', 'NN')",198,4042,1,0.993087547084534,0.00453746564816485,0.00022237923457945794
"('create', 'VB')","('weapon', 'NN')",200,4042,1,0.9887227416820838,0.004486960467390314,0.000222125193548783
"('create', 'VB')","('land', 'NN')",1604,4042,2,0.987638360389864,0.0007338787760944189,0.00029131768663124825
"('create', 'VB')","('configuration', 'NN')",201,4042,1,0.9865566799255763,0.004462084780364999,0.0002219981730334455
"('create', 'VB')","('empowerment', 'NN')",201,4042,1,0.9865566799255763,0.004462084780364999,0.0002219981730334455
"('create', 'VB')","('menu', 'NN')",205,4042,1,0.9779988762903109,0.004365008922204115,0.00022149009097209563
"('create', 'VB')","('opening', 'NN')",206,4042,1,0.9758855169769118,0.004341329008620295,0.00022136307045675816
"('create', 'VB')","('inability', 'NN')",208,4042,1,0.9716894023833036,0.004294652254004019,0.0002211090294260832
"('create', 'VB')","('infrastructure', 'NN')",210,4042,1,0.9675334426121459,0.0042488645779466564,0.00022085498839540825
"('create', 'VB')","('profitability', 'NN')",214,4042,1,0.9593389639968743,0.004159856751763746,0.00022034690633405838
"('create', 'VB')","('genre', 'NN')",215,4042,1,0.9573142774304599,0.0041381222810647385,0.0002202198858187209
"('create', 'VB')","('accumulation', 'NN')",216,4042,1,0.9552989861951342,0.004116589054861678,0.0002200928653033834
"('create', 'VB')","('differentiation', 'NN')",217,4042,1,0.9532930034975357,0.004095254290972593,0.00021996584478804594
"('create', 'VB')","('magic', 'NN')",218,4042,1,0.9512962437414604,0.004074115258264721,0.00021983882427270847
"('create', 'VB')","('liberalism', 'NN')",222,4042,1,0.9433997628954265,0.003991463538926113,0.00021933074221135856
"('create', 'VB')","('substrate', 'NN')",222,4042,1,0.9433997628954265,0.003991463538926113,0.00021933074221135856
"('create', 'VB')","('territory', 'NN')",225,4042,1,0.9375702192347026,0.003931403283460609,0.00021894968066534616
"('create', 'VB')","('interface', 'NN')",225,4042,1,0.9375702192347026,0.003931403283460609,0.00021894968066534616
"('create', 'VB')","('pollution', 'NN')",226,4042,1,0.9356442981986642,0.00391173753494293,0.0002188226601500087
"('create', 'VB')","('guide', 'NN')",230,4042,1,0.9280249013284722,0.003834784600296616,0.0002183145780886588
"('create', 'VB')","('popularity', 'NN')",231,4042,1,0.9261407574539208,0.00381596277720916,0.0002181875575733213
"('create', 'VB')","('grammar', 'NN')",232,4042,1,0.9242647524551655,0.0037973032106557573,0.00021806053705798384
"('create', 'VB')","('directive', 'NN')",235,4042,1,0.9186848750743288,0.003742277336599781,0.00021767947551197143
"('create', 'VB')","('dilution', 'NN')",236,4042,1,0.9168407343759585,0.0037242462581214848,0.00021755245499663396
"('create', 'VB')","('button', 'NN')",238,4042,1,0.9131757802895532,0.0036886386645264293,0.000217298413965959
"('create', 'VB')","('aspect', 'NN')",1916,4042,2,0.910447219595483,0.0005308169941277725,0.0002516872858459566
"('create', 'VB')","('hope', 'NN')",240,4042,1,0.9095414956344591,0.00365362452865338,0.00021704437293528406
"('create', 'VB')","('noun', 'NN')",245,4042,1,0.9005866529815326,0.0035685901893706276,0.0002164092703585967
"('create', 'VB')","('burden', 'NN')",249,4042,1,0.8935533902503289,0.003503021532795369,0.0002159011882972468
"('create', 'VB')","('convergence', 'NN')",250,4042,1,0.8918127286740275,0.003486957210631679,0.00021577416778190934
"('create', 'VB')","('chart', 'NN')",251,4042,1,0.8900790158650269,0.0034710208905160047,0.00021564714726657187
"('create', 'VB')","('essence', 'NN')",254,4042,1,0.884919020726127,0.00342396482410495,0.00021526608572055943
"('create', 'VB')","('bill', 'NN')",258,4042,1,0.8781330313828349,0.003362925681794522,0.00021475800365920955
"('create', 'VB')","('proposition', 'NN')",262,4042,1,0.8714514460263197,0.003303750322133225,0.00021424992159785965
"('create', 'VB')","('reputation', 'NN')",264,4042,1,0.868148810476234,0.0032748350866106395,0.0002139958805671847
"('create', 'VB')","('television', 'NN')",271,4042,1,0.8567834464716594,0.003176992743149726,0.0002131067369598224
"('create', 'VB')","('partnership', 'NN')",271,4042,1,0.8567834464716594,0.003176992743149726,0.0002131067369598224
"('create', 'VB')","('inclusion', 'NN')",271,4042,1,0.8567834464716594,0.003176992743149726,0.0002131067369598224
"('create', 'VB')","('dependence', 'NN')",271,4042,1,0.8567834464716594,0.003176992743149726,0.0002131067369598224
"('create', 'VB')","('receptor', 'NN')",271,4042,1,0.8567834464716594,0.003176992743149726,0.0002131067369598224
"('create', 'VB')","('industry', 'NN')",2187,4042,2,0.8529939413003716,0.0004014527442151118,0.00021726472618950138
"('create', 'VB')","('executive', 'NN')",276,4042,1,0.8488436552808475,0.0031101439228979496,0.00021247163438313502
"('create', 'VB')","('motif', 'NN')",278,4042,1,0.8457079414279889,0.003084077688987056,0.00021221759335246008
"('create', 'VB')","('controller', 'NN')",278,4042,1,0.8457079414279889,0.003084077688987056,0.00021221759335246008
"('create', 'VB')","('neuron', 'NN')",284,4042,1,0.8364343972990275,0.0030080817565755697,0.00021145547026043523
"('create', 'VB')","('affect', 'NN')",286,4042,1,0.8333867042170221,0.0029834583622433556,0.0002112014292297603
"('create', 'VB')","('republic', 'NN')",287,4042,1,0.8318708406120728,0.0029712753580949584,0.00021107440871442283
"('create', 'VB')","('session', 'NN')",291,4042,1,0.8258597483601579,0.0029233806568972325,0.00021056632665307292
"('create', 'VB')","('frame', 'NN')",294,4042,1,0.8214054069339078,0.002888314888867564,0.0002101852651070605
"('create', 'VB')","('fire', 'NN')",296,4042,1,0.8184610262871266,0.0028653325927555946,0.00020993122407638557
"('create', 'VB')","('performance', 'NN')",2376,4042,2,0.8169962880288528,0.00032869653038021204,0.00019325784879071898
"('create', 'VB')","('interference', 'NN')",298,4042,1,0.8155364732698099,0.0028426587820910665,0.0002096771830457106
"('create', 'VB')","('architecture', 'NN')",305,4042,1,0.8054528979992793,0.0027656421527395875,0.00020878803943834832
"('create', 'VB')","('none', 'NN')",305,4042,1,0.8054528979992793,0.0027656421527395875,0.00020878803943834832
"('create', 'VB')","('taste', 'NN')",308,4042,1,0.801202020845621,0.0027337066794931087,0.00020840697789233588
"('create', 'VB')","('string', 'NN')",316,4042,1,0.7900656547276613,0.0026515098736722854,0.0002073908137696361
"('create', 'VB')","('growth', 'NN')",2558,4042,2,0.7849421841953736,0.00026879465898415125,0.00017014011499929887
"('create', 'VB')","('loan', 'NN')",322,4042,1,0.7818968656502342,0.0025925425829384056,0.00020662869067761126
"('create', 'VB')","('pipe', 'NN')",322,4042,1,0.7818968656502342,0.0025925425829384056,0.00020662869067761126
"('create', 'VB')","('behavior', 'NN')",2582,4042,2,0.7808864864076072,0.00026152560492066334,0.0001670916226311995
"('create', 'VB')","('node', 'NN')",325,4042,1,0.7778693763671908,0.002563875402339276,0.00020624762913159885
"('create', 'VB')","('wavelength', 'NN')",329,4042,1,0.7725568393960908,0.0025264657426803104,0.00020573954707024894
"('create', 'VB')","('quality', 'NN')",2636,4042,2,0.7718973184160365,0.00024565408929125255,0.00016023251480297592
"('create', 'VB')","('profession', 'NN')",331,4042,1,0.7699247435703463,0.002508099970848718,0.000205485506039574
"('create', 'VB')","('floor', 'NN')",333,4042,1,0.7673085038397452,0.0024899548073240596,0.00020523146500889906
"('create', 'VB')","('vector', 'NN')",335,4042,1,0.7647079303092199,0.0024720263009127773,0.00020497742397822412
"('create', 'VB')","('water', 'NN')",2687,4042,2,0.7635750579048403,0.00023124995023059928,0.0001537544685207648
"('create', 'VB')","('sheet', 'NN')",339,4042,1,0.759553039142983,0.0024368039208736364,0.00020446934191687422
"('create', 'VB')","('struggle', 'NN')",339,4042,1,0.759553039142983,0.0024368039208736364,0.00020446934191687422
"('create', 'VB')","('column', 'NN')",340,4042,1,0.75827382030381,0.002428127818950174,0.00020434232140153675
"('create', 'VB')","('injury', 'NN')",343,4042,1,0.7544586173032947,0.002402403047994372,0.0002039612598555243
"('create', 'VB')","('spirit', 'NN')",344,4042,1,0.7531942947745351,0.002393927831999554,0.00020383423934018684
"('create', 'VB')","('equality', 'NN')",344,4042,1,0.7531942947745351,0.002393927831999554,0.00020383423934018684
"('create', 'VB')","('separation', 'NN')",345,4042,1,0.7519336422727911,0.0023855017473140396,0.00020370721882484937
"('create', 'VB')","('living', 'NN')",349,4042,1,0.7469273103868853,0.0023522802750215793,0.0002031991367634995
"('create', 'VB')","('recommendation', 'NN')",352,4042,1,0.7432100738679341,0.002327859657624942,0.00020281807521748706
"('create', 'VB')","('indication', 'NN')",352,4042,1,0.7432100738679341,0.002327859657624942,0.00020281807521748706
"('create', 'VB')","('bar', 'NN')",359,4042,1,0.734658288767746,0.0022724654310887957,0.00020192893161012475
"('create', 'VB')","('autonomy', 'NN')",361,4042,1,0.7322455354404073,0.0022570330829727973,0.0002016748905794498
"('create', 'VB')","('capability', 'NN')",364,4042,1,0.7286513536970092,0.0022342025323201296,0.0002012938290334374
"('create', 'VB')","('estimate', 'NN')",369,4042,1,0.7227263711870048,0.00219697655965082,0.00020065872645675002
"('create', 'VB')","('history', 'NN')",2957,4042,2,0.7219913998118912,0.00016326900786147543,0.00011945892937964705
"('create', 'VB')","('front', 'NN')",370,4042,1,0.7215510132790701,0.002189652096944957,0.00020053170594141255
"('create', 'VB')","('vision', 'NN')",372,4042,1,0.7192097974641677,0.0021751213069778324,0.0002002776649107376
"('create', 'VB')","('danger', 'NN')",373,4042,1,0.7180439055373775,0.0021679143462825503,0.00020015064439540012
"('create', 'VB')","('service', 'NN')",3019,4042,2,0.712979611314911,0.00014937480767066545,0.00011158365742872372
"('create', 'VB')","('appeal', 'NN')",381,4042,1,0.7088277616704459,0.0021116205937384723,0.00019913448027270033
"('create', 'VB')","('motion', 'NN')",382,4042,1,0.7076893744343563,0.0021047496597106316,0.00019900745975736286
"('create', 'VB')","('restriction', 'NN')",383,4042,1,0.7065539633774425,0.0020979146048936883,0.0001988804392420254
"('create', 'VB')","('advertising', 'NN')",383,4042,1,0.7065539633774425,0.0020979146048936883,0.0001988804392420254
"('create', 'VB')","('army', 'NN')",390,4042,1,0.698688130319566,0.002051050655590092,0.00019799129563466308
"('create', 'VB')","('foundation', 'NN')",390,4042,1,0.698688130319566,0.002051050655590092,0.00019799129563466308
"('create', 'VB')","('innovation', 'NN')",390,4042,1,0.698688130319566,0.002051050655590092,0.00019799129563466308
"('create', 'VB')","('forest', 'NN')",394,4042,1,0.6942565155204911,0.002025018896925636,0.0001974832135733132
"('create', 'VB')","('everything', 'NN')",397,4042,1,0.6909622305829501,0.0020058393231792413,0.00019710215202730077
"('create', 'VB')","('pair', 'NN')",397,4042,1,0.6909622305829501,0.0020058393231792413,0.00019710215202730077
"('create', 'VB')","('transformation', 'NN')",398,4042,1,0.6898696652723773,0.001999510384454137,0.0001969751315119633
"('create', 'VB')","('sort', 'NN')",399,4042,1,0.6887798416593169,0.0019932131694061434,0.00019684811099662583
"('create', 'VB')","('box', 'NN')",400,4042,1,0.6876927460181027,0.001986947440107684,0.00019672109048128836
"('create', 'VB')","('cooperation', 'NN')",407,4042,1,0.6801583281208452,0.001943949441143266,0.00019583194687392604
"('create', 'VB')","('disk', 'NN')",409,4042,1,0.6780294293387233,0.0019319346289255346,0.0001955779058432511
"('create', 'VB')","('music', 'NN')",414,4042,1,0.6727523962251662,0.0019024054653711908,0.00019494280326656373
"('create', 'VB')","('project', 'NN')",3334,4042,2,0.6698771288460222,8.676328688929109e-05,7.157219509741966e-05
"('create', 'VB')","('disorder', 'NN')",417,4042,1,0.6696166823723076,0.001885027867530335,0.0001945617417205513
"('create', 'VB')","('morality', 'NN')",419,4042,1,0.6675387143797699,0.0018735810473501585,0.00019430770068987635
"('create', 'VB')","('intensity', 'NN')",433,4042,1,0.6532648409926997,0.0017964141127133637,0.00019252941347515173
"('create', 'VB')","('circuit', 'NN')",440,4042,1,0.6463000608598778,0.0017596721072990398,0.00019164026986778944
"('create', 'VB')","('recognition', 'NN')",453,4042,1,0.6336545353332333,0.001694449506530693,0.00018998900316840228
"('create', 'VB')","('participation', 'NN')",454,4042,1,0.6326968844889612,0.0016895870944341118,0.0001898619826530648
"('create', 'VB')","('depression', 'NN')",456,4042,1,0.6307878946816302,0.0016799262484903411,0.00018960794162238985
"('create', 'VB')","('diversity', 'NN')",457,4042,1,0.6298365372762149,0.0016751275346508136,0.00018948092110705238
"('create', 'VB')","('liability', 'NN')",466,4042,1,0.621366820656065,0.0016328658877403455,0.00018833773646901512
"('create', 'VB')","('skin', 'NN')",466,4042,1,0.621366820656065,0.0016328658877403455,0.00018833773646901512
"('create', 'VB')","('information', 'NN')",3921,4042,2,0.5994458820378019,-3.081034312444643e-06,-2.9888474056770885e-06
"('create', 'VB')","('empire', 'NN')",494,4042,1,0.5960257884224183,0.0015112328150320086,0.00018478116203956587
"('create', 'VB')","('ray', 'NN')",502,4042,1,0.5890490202010459,0.0014789726684487556,0.00018376499791686608
"('create', 'VB')","('presentation', 'NN')",516,4042,1,0.5771030357188538,0.0014249243801046463,0.00018198671070214148
"('create', 'VB')","('legislation', 'NN')",526,4042,1,0.568766993192326,0.0013880799169905763,0.00018071650554876673
"('create', 'VB')","('half', 'NN')",526,4042,1,0.568766993192326,0.0013880799169905763,0.00018071650554876673
"('create', 'VB')","('expansion', 'NN')",530,4042,1,0.5654768677452762,0.0013737314248493816,0.00018020842348741685
"('create', 'VB')","('study', 'NN')",4264,4042,2,0.5630255283194929,-4.413420085291333e-05,-4.65568841664304e-05
"('create', 'VB')","('display', 'NN')",534,4042,1,0.5622114803175087,0.0013595978874881536,0.00017970034142606695
"('create', 'VB')","('realism', 'NN')",537,4042,1,0.5597784516465095,0.0013491359089609159,0.0001793192798800545
"('create', 'VB')","('philosophy', 'NN')",546,4042,1,0.5525600946413279,0.001318439761275429,0.00017817609524201729
"('create', 'VB')","('consciousness', 'NN')",550,4042,1,0.5493900478518213,0.0013051194873933553,0.00017766801318066738
"('create', 'VB')","('factor', 'NN')",4436,4042,2,0.5458511868608863,-6.233193744850884e-05,-6.840441280447581e-05
"('create', 'VB')","('confidence', 'NN')",559,4042,1,0.5423409294596419,0.001275845848598885,0.00017652482854263013
"('create', 'VB')","('use', 'NN')",4518,4042,2,0.5378964977536644,-7.052016112650864e-05,-7.882009506214864e-05
"('create', 'VB')","('budget', 'NN')",581,4042,1,0.5255766049557343,0.001208106045715786,0.0001737303772052057
"('create', 'VB')","('message', 'NN')",599,4042,1,0.5123259149567538,0.0011563835591078227,0.00017144400792913118
"('create', 'VB')","('organism', 'NN')",602,4042,1,0.5101562460882406,0.0011480638499869794,0.00017106294638311877
"('create', 'VB')","('phenomenon', 'NN')",612,4042,1,0.503001315200504,0.0011209205585703318,0.00016979274122974402
"('create', 'VB')","('chance', 'NN')",613,4042,1,0.5022922628276502,0.0011182549356341257,0.00016966572071440655
"('create', 'VB')","('root', 'NN')",618,4042,1,0.4987642622572494,0.0011050562169622946,0.0001690306181377192
"('create', 'VB')","('date', 'NN')",632,4042,1,0.4890356590636802,0.0010692108086436313,0.00016725233092299458
"('create', 'VB')","('progress', 'NN')",645,4042,1,0.4801930227107974,0.0010373190776840407,0.00016560106422360742
"('create', 'VB')","('diet', 'NN')",648,4042,1,0.4781777314754718,0.0010301411619015924,0.000165220002677595
"('create', 'VB')","('writing', 'NN')",652,4042,1,0.475505141614145,0.0010206733560779169,0.0001647119206162451
"('create', 'VB')","('core', 'NN')",654,4042,1,0.4741749890217979,0.0010159828822726533,0.00016445787958557017
"('create', 'VB')","('nothing', 'NN')",673,4042,1,0.4617376731220883,0.0009728137578391007,0.00016204448979415816
"('create', 'VB')","('department', 'NN')",680,4042,1,0.4572438246398289,0.0009575174360946147,0.00016115534618679588
"('create', 'VB')","('violence', 'NN')",695,4042,1,0.44776793275595134,0.0009257771445214668,0.00015925003845673378
"('create', 'VB')","('beam', 'NN')",698,4042,1,0.44589731472290406,0.0009195927846762341,0.00015886897691072134
"('create', 'VB')","('consumption', 'NN')",709,4042,1,0.4391065021629986,0.0008973645471983006,0.00015747175124200915
"('create', 'VB')","('selection', 'NN')",714,4042,1,0.43605452556989077,0.0008874872100288198,0.00015683664866532177
"('create', 'VB')","('duty', 'NN')",720,4042,1,0.43242024091479675,0.000875815483968209,0.00015607452557329693
"('create', 'VB')","('association', 'NN')",764,4042,1,0.4066593787703752,0.000795824252315665,0.0001504856228984481
"('create', 'VB')","('balance', 'NN')",768,4042,1,0.4043915173145532,0.0007890068015123039,0.00014997754083709823
"('create', 'VB')","('woman', 'NN')",6159,4042,2,0.4033325202477545,-0.0001885728695595857,-0.0002872607607309421
"('create', 'VB')","('case', 'NN')",6179,4042,2,0.40192452912343046,-0.0001896252437912834,-0.0002898011710376916
"('create', 'VB')","('interview', 'NN')",777,4042,1,0.399331718545151,0.000773924168882199,0.00014883435619906095
"('create', 'VB')","('drug', 'NN')",797,4042,1,0.3882944159499528,0.0007416267232826315,0.0001462939458923115
"('create', 'VB')","('novel', 'NN')",797,4042,1,0.3882944159499528,0.0007416267232826315,0.0001462939458923115
"('create', 'VB')","('direction', 'NN')",848,4042,1,0.3613568850893514,0.0006661635396125587,0.00013981589961010036
"('create', 'VB')","('explanation', 'NN')",851,4042,1,0.3598231772614773,0.000662006192767054,0.00013943483806408793
"('create', 'VB')","('way', 'NN')",6903,4042,2,0.35380485094970293,-0.00022362033278324183,-0.0003817640241420222
"('create', 'VB')","('description', 'NN')",863,4042,1,0.3537419416308556,0.0006456658309739747,0.00013791059188003827
"('create', 'VB')","('scheme', 'NN')",865,4042,1,0.352736629881251,0.0006429865132800291,0.0001376565508493633
"('create', 'VB')","('outcome', 'NN')",866,4042,1,0.3522348453287185,0.0006416514950578625,0.00013752953033402583
"('create', 'VB')","('film', 'NN')",884,4042,1,0.3433004723329921,0.0006181376308027871,0.00013524316105795132
"('create', 'VB')","('male', 'NN')",884,4042,1,0.3433004723329921,0.0006181376308027871,0.00013524316105795132
"('create', 'VB')","('reduction', 'NN')",899,4042,1,0.33599304561283644,0.000599261986433125,0.00013333785332788923
"('create', 'VB')","('expression', 'NN')",921,4042,1,0.32549310714921625,0.0005726898310057435,0.00013054340199046484
"('create', 'VB')","('audience', 'NN')",925,4042,1,0.32361100460703257,0.0005679943214239464,0.0001300353199291149
"('create', 'VB')","('freedom', 'NN')",936,4042,1,0.3184768886079599,0.0005552885921036661,0.00012863809426040274
"('create', 'VB')","('variety', 'NN')",947,4042,1,0.3134027583427918,0.0005428780161916376,0.00012724086859169052
"('create', 'VB')","('truth', 'NN')",952,4042,1,0.3111157889615908,0.0005373316494417708,0.00012660576601500315
"('create', 'VB')","('reference', 'NN')",1014,4042,1,0.28371478234874803,0.0004731007361020599,0.00011873049406407982
"('create', 'VB')","('name', 'NN')",1061,4042,1,0.2640373534447245,0.00042941144903467727,0.00011276052984321859
"('create', 'VB')","('security', 'NN')",1071,4042,1,0.25996326651420953,0.00042061054480057637,0.00011149032468984384
"('create', 'VB')","('computer', 'NN')",1102,4042,1,0.2475711428302989,0.00039434272544263283,0.00010755268871438217
"('create', 'VB')","('tool', 'NN')",1136,4042,1,0.23437440597106513,0.00036718118415086335,0.0001032339911929081
"('create', 'VB')","('responsibility', 'NN')",1139,4042,1,0.23322901326696482,0.00036486242410794373,0.00010285292964689566
"('create', 'VB')","('air', 'NN')",1152,4042,1,0.22830025825887196,0.0003549540071595788,0.0001012016629475085
"('create', 'VB')","('revolution', 'NN')",1158,4042,1,0.22604417795464776,0.0003504559190771944,0.00010043953985548369
"('create', 'VB')","('distribution', 'NN')",1202,4042,1,0.20984826967934447,0.00031884194946564374,9.485063718063486e-05
"('create', 'VB')","('electron', 'NN')",1251,4042,1,0.19249542765264527,0.0002862525132134743,8.862663192909866e-05
"('create', 'VB')","('income', 'NN')",1254,4042,1,0.19145520085136755,0.0002843399720354559,8.824557038308625e-05
"('create', 'VB')","('science', 'NN')",1266,4042,1,0.18731903166472888,0.00027678043982054285,8.672132419903657e-05
"('create', 'VB')","('interaction', 'NN')",1287,4042,1,0.18017419044167854,0.0002638904331355819,8.405389337694962e-05
"('create', 'VB')","('union', 'NN')",1297,4042,1,0.1768127612619851,0.00025789902773687174,8.27836882235749e-05
"('create', 'VB')","('status', 'NN')",1333,4042,1,0.16492258793220596,0.00023707420597795115,7.821094967142586e-05
"('create', 'VB')","('skill', 'NN')",1339,4042,1,0.16297216033405623,0.0002337122577143572,7.744882657940104e-05
"('create', 'VB')","('characteristic', 'NN')",1355,4042,1,0.15781344213564064,0.0002248926057839873,7.541649833400145e-05
"('create', 'VB')","('light', 'NN')",1357,4042,1,0.15717288968632812,0.00022380477115776457,7.516245730332651e-05
"('create', 'VB')","('time', 'NN')",11021,4042,2,0.15062172194762694,-0.0003321464564775104,-0.0009048345063017366
"('create', 'VB')","('standard', 'NN')",1386,4042,1,0.14798950707027722,0.0002083839274331186,7.147886235853978e-05
"('create', 'VB')","('purpose', 'NN')",1388,4042,1,0.1473632712272291,0.00020734417072447106,7.122482132786484e-05
"('create', 'VB')","('authority', 'NN')",1396,4042,1,0.14486731905892292,0.00020321493261127842,7.020865720516506e-05
"('create', 'VB')","('capital', 'NN')",1479,4042,1,0.11978456334917278,0.00016300966847792892,5.966595443215479e-05
"('create', 'VB')","('influence', 'NN')",1510,4042,1,0.11077579005289576,0.00014912678229136653,5.5728318456693123e-05
"('create', 'VB')","('firm', 'NN')",1518,4042,1,0.10848096578660367,0.00014563613373699976,5.471215433399334e-05
"('create', 'VB')","('extent', 'NN')",1538,4042,1,0.10279640188065296,0.00013706836079324235,5.217174402724387e-05
"('create', 'VB')","('text', 'NN')",1606,4042,1,0.08400719640340305,0.00010953387779529986,4.353434898429569e-05
"('create', 'VB')","('equation', 'NN')",1790,4042,1,0.03689970636617204,4.5516100090114476e-05,2.0162574162200614e-05
"('create', 'VB')","('size', 'NN')",1831,4042,1,0.02706439304436877,3.300385559821986e-05,1.4954733033364226e-05
"('create', 'VB')","('act', 'NN')",1874,4042,1,0.016983150794305738,2.0469338187697962e-05,9.492850873852872e-06
"('create', 'VB')","('report', 'NN')",1914,4042,1,0.007810803905240456,9.31484182128202e-06,4.412030260353953e-06
"('create', 'VB')","('experiment', 'NN')",2055,4042,1,-0.023059088866022797,-2.6542381183832333e-05,-1.3497862402229771e-05
"('create', 'VB')","('person', 'NN')",2135,4042,1,-0.039645142014977465,-4.478152439749009e-05,-2.3659503629227608e-05
"('create', 'VB')","('practice', 'NN')",2215,4042,1,-0.05562099321302313,-6.170354411077361e-05,-3.38211448562255e-05
"('create', 'VB')","('member', 'NN')",2250,4042,1,-0.06242978076529729,-6.872864918291337e-05,-3.826686289303704e-05
"('create', 'VB')","('trade', 'NN')",2344,4042,1,-0.08020486999998781,-8.655805914657228e-05,-5.020679133475951e-05
"('create', 'VB')","('self', 'NN')",2422,4042,1,-0.09442140146096824,-0.00010030238711256285,-6.0114391531082404e-05
"('create', 'VB')","('health', 'NN')",2646,4042,1,-0.13283710250541694,-0.00013526995236381003,-8.85669869666764e-05
"('create', 'VB')","('action', 'NN')",2646,4042,1,-0.13283710250541694,-0.00013526995236381003,-8.85669869666764e-05
"('create', 'VB')","('material', 'NN')",2751,4042,1,-0.14973785304361828,-0.00014970156491387959,-0.00010190414107711109
"('create', 'VB')","('management', 'NN')",2987,4042,1,-0.18548248525806305,-0.00017843706315943465,-0.00013188098269675477
"('create', 'VB')","('period', 'NN')",3105,4042,1,-0.20230886716653373,-0.00019116762727036874,-0.00014686940350657661
"('create', 'VB')","('approach', 'NN')",3156,4042,1,-0.20938425719131748,-0.0001963753625075898,-0.00015334744978878773
"('create', 'VB')","('nature', 'NN')",3158,4042,1,-0.2096593883262102,-0.00019657616214713037,-0.00015360149081946272
"('create', 'VB')","('research', 'NN')",3849,4042,1,-0.2955951737485257,-0.00025346957723533,-0.00024137266691765663
"('create', 'VB')","('rate', 'NN')",4370,4042,1,-0.3507286996243566,-0.00028447833648276717,-0.0003075503554084802
"('create', 'VB')","('example', 'NN')",6267,4042,1,-0.5073069573539057,-0.0003538690292802525,-0.0005485082730036668
"('create', 'VB')","('formula', 'NN')",11492,4042,1,-0.7706428799738445,-0.0004267590349088331,-0.0012121904656419641
